,Date,Home_Team,Away_Team,season,Home_Score,Away_Score,Home_Spread,Away_Spread,Home_last_n_ATS,Away_last_n_ATS
0,2017-10-17,CLE,BOS,2018.0,102.0,99.0,-4.5,4.5,,
1,2017-10-17,GSW,HOU,2018.0,121.0,122.0,-9.5,9.5,,
2,2017-10-18,BOS,MIL,2018.0,100.0,108.0,-1.5,1.5,1.0,
3,2017-10-18,DAL,ATL,2018.0,111.0,117.0,-5.5,5.5,,
4,2017-10-18,DET,CHA,2018.0,102.0,90.0,-2.5,2.5,,
5,2017-10-18,IND,BRK,2018.0,140.0,131.0,-3.0,3.0,,
6,2017-10-18,MEM,NOP,2018.0,103.0,91.0,-2.0,2.0,,
7,2017-10-18,ORL,MIA,2018.0,116.0,109.0,3.5,-3.5,,
8,2017-10-18,PHO,POR,2018.0,76.0,124.0,2.5,-2.5,,
9,2017-10-18,SAC,HOU,2018.0,100.0,105.0,7.0,-7.0,,1.0
10,2017-10-18,SAS,MIN,2018.0,107.0,99.0,-1.0,1.0,,
11,2017-10-18,UTA,DEN,2018.0,106.0,96.0,-2.5,2.5,,
12,2017-10-18,WAS,PHI,2018.0,120.0,115.0,-6.5,6.5,,
13,2017-10-19,LAL,LAC,2018.0,92.0,108.0,6.5,-6.5,,
14,2017-10-19,OKC,NYK,2018.0,105.0,84.0,-12.5,12.5,,
15,2017-10-19,TOR,CHI,2018.0,117.0,101.0,-13.0,13.0,,
16,2017-10-20,BRK,ORL,2018.0,126.0,121.0,-2.0,2.0,-1.0,1.0
17,2017-10-20,CHA,ATL,2018.0,109.0,91.0,-4.5,4.5,-1.0,1.0
18,2017-10-20,DAL,SAC,2018.0,88.0,93.0,-6.0,6.0,-1.0,1.0
19,2017-10-20,IND,POR,2018.0,96.0,114.0,5.5,-5.5,1.0,1.0
20,2017-10-20,MIL,CLE,2018.0,97.0,116.0,-1.0,1.0,1.0,-1.0
21,2017-10-20,MIN,UTA,2018.0,100.0,97.0,-4.5,4.5,-1.0,1.0
22,2017-10-20,NOP,GSW,2018.0,120.0,128.0,9.0,-9.0,-1.0,-1.0
23,2017-10-20,PHI,BOS,2018.0,92.0,102.0,-3.0,3.0,1.0,0.0
24,2017-10-20,PHO,LAL,2018.0,130.0,132.0,-3.0,3.0,-1.0,-1.0
25,2017-10-20,WAS,DET,2018.0,115.0,111.0,-7.0,7.0,-1.0,1.0
26,2017-10-21,CHI,SAS,2018.0,77.0,87.0,10.5,-10.5,-1.0,1.0
27,2017-10-21,CLE,ORL,2018.0,93.0,114.0,-11.5,11.5,0.0,0.0
28,2017-10-21,DEN,SAC,2018.0,96.0,79.0,-12.5,12.5,-1.0,2.0
29,2017-10-21,HOU,DAL,2018.0,107.0,91.0,-11.5,11.5,0.0,-2.0
30,2017-10-21,LAC,PHO,2018.0,130.0,88.0,-13.5,13.5,1.0,-2.0
31,2017-10-21,MEM,GSW,2018.0,111.0,101.0,8.5,-8.5,1.0,-2.0
32,2017-10-21,MIA,IND,2018.0,112.0,108.0,-9.5,9.5,-1.0,0.0
33,2017-10-21,MIL,POR,2018.0,113.0,110.0,-3.5,3.5,0.0,2.0
34,2017-10-21,NYK,DET,2018.0,107.0,111.0,1.0,-1.0,-1.0,2.0
35,2017-10-21,TOR,PHI,2018.0,128.0,94.0,-9.0,9.0,1.0,0.0
36,2017-10-21,UTA,OKC,2018.0,96.0,87.0,4.0,-4.0,2.0,1.0
37,2017-10-22,BRK,ATL,2018.0,116.0,104.0,-1.5,1.5,0.0,0.0
38,2017-10-22,LAL,NOP,2018.0,112.0,119.0,4.5,-4.5,0.0,0.0
39,2017-10-22,OKC,MIN,2018.0,113.0,115.0,-4.0,4.0,0.0,-2.0
40,2017-10-23,DAL,GSW,2018.0,103.0,133.0,13.5,-13.5,-3.0,-3.0
41,2017-10-23,DEN,WAS,2018.0,104.0,109.0,-5.0,5.0,0.0,-2.0
42,2017-10-23,DET,PHI,2018.0,86.0,97.0,-3.5,3.5,3.0,-1.0
43,2017-10-23,HOU,MEM,2018.0,90.0,98.0,-8.0,8.0,1.0,2.0
44,2017-10-23,MIA,ATL,2018.0,104.0,93.0,-11.0,11.0,-2.0,-1.0
45,2017-10-23,MIL,CHA,2018.0,103.0,94.0,-6.5,6.5,-1.0,0.0
46,2017-10-23,PHO,SAC,2018.0,117.0,115.0,2.5,-2.5,-3.0,1.0
47,2017-10-23,SAS,TOR,2018.0,101.0,97.0,-2.5,2.5,0.0,2.0
48,2017-10-24,BOS,NYK,2018.0,110.0,89.0,-7.0,7.0,1.0,-2.0
49,2017-10-24,CLE,CHI,2018.0,119.0,112.0,-15.5,15.5,-1.0,0.0
50,2017-10-24,LAC,UTA,2018.0,102.0,84.0,-5.0,5.0,2.0,3.0
51,2017-10-24,MIN,IND,2018.0,107.0,130.0,-10.5,10.5,-1.0,1.0
52,2017-10-24,ORL,BRK,2018.0,125.0,121.0,-4.5,4.5,1.0,1.0
53,2017-10-24,POR,NOP,2018.0,103.0,93.0,-5.5,5.5,3.0,1.0
54,2017-10-25,BRK,CLE,2018.0,112.0,107.0,8.0,-8.0,2.0,-2.0
55,2017-10-25,CHA,DEN,2018.0,110.0,93.0,2.5,-2.5,-1.0,-1.0
56,2017-10-25,DAL,MEM,2018.0,103.0,94.0,3.5,-3.5,-4.0,3.0
57,2017-10-25,DET,MIN,2018.0,122.0,101.0,-2.5,2.5,2.0,-2.0
58,2017-10-25,GSW,TOR,2018.0,117.0,112.0,-12.5,12.5,-2.0,1.0
59,2017-10-25,LAL,WAS,2018.0,102.0,99.0,5.5,-5.5,-1.0,-1.0
60,2017-10-25,MIA,SAS,2018.0,100.0,117.0,3.0,-3.0,-2.0,1.0
61,2017-10-25,OKC,IND,2018.0,114.0,96.0,-13.5,13.5,-1.0,2.0
62,2017-10-25,PHI,HOU,2018.0,104.0,105.0,3.0,-3.0,0.0,0.0
63,2017-10-25,PHO,UTA,2018.0,97.0,88.0,7.5,-7.5,-2.0,2.0
64,2017-10-26,CHI,ATL,2018.0,91.0,86.0,-2.0,2.0,1.0,-1.0
65,2017-10-26,MEM,DAL,2018.0,96.0,91.0,-7.5,7.5,2.0,-3.0
66,2017-10-26,MIL,BOS,2018.0,89.0,96.0,-4.5,4.5,0.0,2.0
67,2017-10-26,POR,LAC,2018.0,103.0,104.0,-2.0,2.0,4.0,3.0
68,2017-10-26,SAC,NOP,2018.0,106.0,114.0,-1.0,1.0,0.0,0.0
69,2017-10-27,ATL,DEN,2018.0,100.0,105.0,7.5,-7.5,-2.0,-2.0
70,2017-10-27,CHA,HOU,2018.0,93.0,109.0,2.5,-2.5,0.0,-1.0
71,2017-10-27,GSW,WAS,2018.0,120.0,117.0,-12.0,12.0,-3.0,-2.0
72,2017-10-27,LAL,TOR,2018.0,92.0,101.0,6.0,-6.0,0.0,2.0
73,2017-10-27,MIN,OKC,2018.0,119.0,116.0,2.0,-2.0,-3.0,0.0
74,2017-10-27,NYK,BRK,2018.0,107.0,86.0,-2.0,2.0,-3.0,3.0
75,2017-10-27,ORL,SAS,2018.0,114.0,87.0,5.5,-5.5,0.0,2.0
76,2017-10-28,CHI,OKC,2018.0,69.0,101.0,8.5,-8.5,2.0,-1.0
77,2017-10-28,DAL,PHI,2018.0,110.0,112.0,1.0,-1.0,-1.0,1.0
78,2017-10-28,LAC,DET,2018.0,87.0,95.0,-8.5,8.5,4.0,3.0
79,2017-10-28,MEM,HOU,2018.0,103.0,89.0,-2.0,2.0,1.0,-1.0
80,2017-10-28,MIA,BOS,2018.0,90.0,96.0,0.0,0.0,-3.0,3.0
81,2017-10-28,NOP,CLE,2018.0,123.0,101.0,2.0,-2.0,1.0,-3.0
82,2017-10-28,POR,PHO,2018.0,114.0,107.0,-12.0,12.0,3.0,-1.0
83,2017-10-28,UTA,LAL,2018.0,96.0,81.0,-11.0,11.0,1.0,-1.0
84,2017-10-29,ATL,MIL,2018.0,106.0,117.0,5.5,-5.5,-2.0,-1.0
85,2017-10-29,BRK,DEN,2018.0,111.0,124.0,5.5,-5.5,3.0,-3.0
86,2017-10-29,CHA,ORL,2018.0,120.0,113.0,-4.0,4.0,-1.0,1.0
87,2017-10-29,CLE,NYK,2018.0,95.0,114.0,-10.5,10.5,-3.0,-2.0
88,2017-10-29,GSW,DET,2018.0,107.0,115.0,-14.5,14.5,-3.0,3.0
89,2017-10-29,IND,SAS,2018.0,97.0,94.0,6.5,-6.5,1.0,1.0
90,2017-10-29,SAC,WAS,2018.0,83.0,110.0,7.5,-7.5,-1.0,-1.0
91,2017-10-30,BOS,SAS,2018.0,108.0,94.0,-4.0,4.0,3.0,-1.0
92,2017-10-30,HOU,PHI,2018.0,107.0,115.0,-7.0,7.0,-1.0,1.0
93,2017-10-30,LAC,GSW,2018.0,113.0,141.0,6.0,-6.0,3.0,-3.0
94,2017-10-30,MEM,CHA,2018.0,99.0,104.0,-5.5,5.5,1.0,1.0
95,2017-10-30,MIA,MIN,2018.0,122.0,125.0,3.0,-3.0,-4.0,-1.0
96,2017-10-30,NOP,ORL,2018.0,99.0,115.0,-7.5,7.5,3.0,-1.0
97,2017-10-30,NYK,DEN,2018.0,116.0,110.0,4.5,-4.5,-1.0,-1.0
98,2017-10-30,POR,TOR,2018.0,85.0,99.0,-3.5,3.5,1.0,3.0
99,2017-10-30,UTA,DAL,2018.0,104.0,89.0,-8.5,8.5,1.0,-1.0
100,2017-10-31,BRK,PHO,2018.0,114.0,122.0,-4.0,4.0,1.0,1.0
101,2017-10-31,IND,SAC,2018.0,101.0,83.0,-5.5,5.5,1.0,-3.0
102,2017-10-31,LAL,DET,2018.0,113.0,93.0,3.0,-3.0,-1.0,3.0
103,2017-10-31,MIL,OKC,2018.0,91.0,110.0,2.0,-2.0,-1.0,-1.0
104,2017-11-01,BOS,SAC,2018.0,113.0,86.0,-12.0,12.0,5.0,-5.0
105,2017-11-01,CHA,MIL,2018.0,126.0,121.0,-4.0,4.0,1.0,-1.0
106,2017-11-01,CLE,IND,2018.0,107.0,124.0,-10.0,10.0,-5.0,3.0
107,2017-11-01,DEN,TOR,2018.0,129.0,111.0,-1.5,1.5,-3.0,3.0
108,2017-11-01,LAC,DAL,2018.0,119.0,98.0,-10.5,10.5,1.0,-1.0
109,2017-11-01,MEM,ORL,2018.0,99.0,101.0,-3.0,3.0,-1.0,1.0
110,2017-11-01,MIA,CHI,2018.0,97.0,91.0,-10.5,10.5,-3.0,1.0
111,2017-11-01,NOP,MIN,2018.0,98.0,104.0,-2.5,2.5,1.0,0.0
112,2017-11-01,NYK,HOU,2018.0,97.0,119.0,5.5,-5.5,1.0,-3.0
113,2017-11-01,PHI,ATL,2018.0,119.0,109.0,-8.0,8.0,3.0,-2.0
114,2017-11-01,UTA,POR,2018.0,112.0,103.0,-3.5,3.5,1.0,-1.0
115,2017-11-01,WAS,PHO,2018.0,116.0,122.0,-11.0,11.0,1.0,3.0
116,2017-11-02,POR,LAL,2018.0,113.0,110.0,-6.0,6.0,-3.0,-1.0
117,2017-11-02,SAS,GSW,2018.0,92.0,112.0,8.5,-8.5,-1.0,-1.0
118,2017-11-03,ATL,HOU,2018.0,104.0,119.0,9.0,-9.0,-2.0,-1.0
119,2017-11-03,DAL,NOP,2018.0,94.0,99.0,4.5,-4.5,-1.0,-1.0
120,2017-11-03,DEN,MIA,2018.0,95.0,94.0,-5.5,5.5,-1.0,-3.0
121,2017-11-03,DET,MIL,2018.0,105.0,96.0,-1.0,1.0,1.0,-1.0
122,2017-11-03,LAL,BRK,2018.0,124.0,112.0,-3.0,3.0,1.0,-1.0
123,2017-11-03,NYK,PHO,2018.0,120.0,107.0,-4.5,4.5,1.0,5.0
124,2017-11-03,OKC,BOS,2018.0,94.0,101.0,-6.5,6.5,1.0,5.0
125,2017-11-03,ORL,CHI,2018.0,83.0,105.0,-7.5,7.5,1.0,3.0
126,2017-11-03,PHI,IND,2018.0,121.0,110.0,-5.0,5.0,5.0,3.0
127,2017-11-03,SAS,CHA,2018.0,108.0,101.0,-4.5,4.5,-3.0,3.0
128,2017-11-03,UTA,TOR,2018.0,100.0,109.0,-1.5,1.5,1.0,1.0
129,2017-11-03,WAS,CLE,2018.0,122.0,130.0,-3.5,3.5,1.0,-5.0
130,2017-11-04,CHI,NOP,2018.0,90.0,96.0,5.5,-5.5,3.0,1.0
131,2017-11-04,DEN,GSW,2018.0,108.0,127.0,9.0,-9.0,-1.0,-1.0
132,2017-11-04,DET,SAC,2018.0,108.0,99.0,-9.0,9.0,3.0,-5.0
133,2017-11-04,LAC,MEM,2018.0,104.0,113.0,-5.0,5.0,1.0,-3.0
134,2017-11-04,MIN,DAL,2018.0,112.0,99.0,-12.0,12.0,0.0,-3.0
135,2017-11-05,CLE,ATL,2018.0,115.0,117.0,-11.5,11.5,-3.0,-3.0
136,2017-11-05,HOU,UTA,2018.0,137.0,110.0,-6.5,6.5,1.0,1.0
137,2017-11-05,LAC,MIA,2018.0,101.0,104.0,-5.5,5.5,-1.0,-2.0
138,2017-11-05,LAL,MEM,2018.0,107.0,102.0,2.5,-2.5,1.0,-1.0
139,2017-11-05,MIN,CHA,2018.0,112.0,94.0,-5.0,5.0,2.0,1.0
140,2017-11-05,NYK,IND,2018.0,108.0,101.0,1.0,-1.0,3.0,1.0
141,2017-11-05,ORL,BOS,2018.0,88.0,104.0,3.5,-3.5,1.0,5.0
142,2017-11-05,POR,OKC,2018.0,103.0,99.0,3.0,-3.0,-5.0,1.0
143,2017-11-05,SAS,PHO,2018.0,112.0,95.0,-9.5,9.5,-3.0,3.0
144,2017-11-05,TOR,WAS,2018.0,96.0,107.0,-6.5,6.5,3.0,-1.0
145,2017-11-06,ATL,BOS,2018.0,107.0,110.0,8.0,-8.0,-1.0,5.0
146,2017-11-06,GSW,MIA,2018.0,97.0,80.0,-14.5,14.5,1.0,0.0
147,2017-11-06,PHO,BRK,2018.0,92.0,98.0,1.0,-1.0,1.0,-3.0
148,2017-11-07,CLE,MIL,2018.0,124.0,119.0,-5.0,5.0,-3.0,-3.0
149,2017-11-07,DEN,BRK,2018.0,112.0,104.0,-12.0,12.0,-1.0,-3.0
150,2017-11-07,IND,NOP,2018.0,112.0,117.0,1.5,-1.5,1.0,1.0
151,2017-11-07,NYK,CHA,2018.0,118.0,113.0,2.0,-2.0,3.0,1.0
152,2017-11-07,POR,MEM,2018.0,97.0,98.0,-2.5,2.5,-3.0,-1.0
153,2017-11-07,SAC,OKC,2018.0,94.0,86.0,10.5,-10.5,-4.0,-1.0
154,2017-11-07,SAS,LAC,2018.0,120.0,107.0,-4.0,4.0,-1.0,-3.0
155,2017-11-07,TOR,CHI,2018.0,119.0,114.0,-11.0,11.0,1.0,1.0
156,2017-11-07,UTA,PHI,2018.0,97.0,104.0,-6.5,6.5,1.0,5.0
157,2017-11-07,WAS,DAL,2018.0,99.0,113.0,-10.0,10.0,1.0,-5.0
158,2017-11-08,BOS,LAL,2018.0,107.0,96.0,-6.5,6.5,3.0,3.0
159,2017-11-08,DET,IND,2018.0,114.0,97.0,-6.5,6.5,2.0,-1.0
160,2017-11-08,GSW,MIN,2018.0,125.0,101.0,-8.5,8.5,3.0,4.0
161,2017-11-08,ORL,NYK,2018.0,112.0,99.0,-8.5,8.5,-1.0,3.0
162,2017-11-08,PHO,MIA,2018.0,115.0,126.0,6.0,-6.0,-1.0,0.0
163,2017-11-09,DEN,OKC,2018.0,102.0,94.0,1.5,-1.5,-3.0,-1.0
164,2017-11-09,HOU,CLE,2018.0,117.0,113.0,-6.0,6.0,1.0,-2.0
165,2017-11-09,SAC,PHI,2018.0,109.0,108.0,6.5,-6.5,-2.0,5.0
166,2017-11-09,TOR,NOP,2018.0,122.0,118.0,-5.0,5.0,-1.0,1.0
167,2017-11-09,WAS,LAL,2018.0,111.0,95.0,-10.0,10.0,-1.0,3.0
168,2017-11-10,BOS,CHA,2018.0,90.0,87.0,-3.0,3.0,3.0,-1.0
169,2017-11-10,CHI,IND,2018.0,87.0,105.0,3.5,-3.5,1.0,-3.0
170,2017-11-10,DET,ATL,2018.0,111.0,104.0,-7.5,7.5,2.0,-1.0
171,2017-11-10,OKC,LAC,2018.0,120.0,111.0,-5.5,5.5,-3.0,-3.0
172,2017-11-10,PHO,ORL,2018.0,112.0,128.0,4.0,-4.0,-3.0,1.0
173,2017-11-10,POR,BRK,2018.0,97.0,101.0,-8.5,8.5,-3.0,-1.0
174,2017-11-10,SAS,MIL,2018.0,87.0,94.0,-4.5,4.5,1.0,-2.0
175,2017-11-10,UTA,MIA,2018.0,74.0,84.0,-2.5,2.5,-1.0,1.0
176,2017-11-11,DAL,CLE,2018.0,104.0,111.0,6.0,-6.0,-3.0,0.0
177,2017-11-11,DEN,ORL,2018.0,125.0,107.0,-9.0,9.0,-1.0,1.0
178,2017-11-11,GSW,PHI,2018.0,135.0,114.0,-13.5,13.5,5.0,3.0
179,2017-11-11,HOU,MEM,2018.0,111.0,96.0,-7.0,7.0,1.0,-1.0
180,2017-11-11,MIL,LAL,2018.0,98.0,90.0,-6.0,6.0,-2.0,1.0
181,2017-11-11,NOP,LAC,2018.0,111.0,103.0,-6.0,6.0,3.0,-3.0
182,2017-11-11,NYK,SAC,2018.0,118.0,91.0,-6.5,6.5,1.0,0.0
183,2017-11-11,PHO,MIN,2018.0,118.0,110.0,10.0,-10.0,-5.0,2.0
184,2017-11-11,SAS,CHI,2018.0,133.0,94.0,-10.5,10.5,1.0,1.0
185,2017-11-11,UTA,BRK,2018.0,114.0,106.0,-7.0,7.0,-3.0,1.0
186,2017-11-11,WAS,ATL,2018.0,113.0,94.0,-10.0,10.0,-1.0,1.0
187,2017-11-12,BOS,TOR,2018.0,95.0,94.0,3.5,-3.5,2.0,-3.0
188,2017-11-12,DET,MIA,2018.0,112.0,103.0,-2.5,2.5,0.0,3.0
189,2017-11-12,IND,HOU,2018.0,95.0,118.0,3.5,-3.5,-3.0,3.0
190,2017-11-12,OKC,DAL,2018.0,112.0,99.0,-10.0,10.0,-3.0,-3.0
191,2017-11-13,GSW,ORL,2018.0,110.0,100.0,-12.0,12.0,5.0,-1.0
192,2017-11-13,LAC,PHI,2018.0,105.0,109.0,-2.0,2.0,-5.0,1.0
193,2017-11-13,MIL,MEM,2018.0,110.0,103.0,-3.0,3.0,0.0,-1.0
194,2017-11-13,NOP,ATL,2018.0,106.0,105.0,-9.5,9.5,5.0,1.0
195,2017-11-13,NYK,CLE,2018.0,101.0,104.0,5.0,-5.0,3.0,2.0
196,2017-11-13,PHO,LAL,2018.0,93.0,100.0,-1.0,1.0,-3.0,-1.0
197,2017-11-13,POR,DEN,2018.0,99.0,82.0,-1.5,1.5,-3.0,-1.0
198,2017-11-13,UTA,MIN,2018.0,98.0,109.0,3.0,-3.0,-3.0,1.0
199,2017-11-13,WAS,SAC,2018.0,110.0,92.0,-11.0,11.0,1.0,0.0
200,2017-11-14,BRK,BOS,2018.0,102.0,109.0,6.5,-6.5,1.0,2.0
201,2017-11-14,DAL,SAS,2018.0,91.0,97.0,6.5,-6.5,-3.0,3.0
202,2017-11-14,HOU,TOR,2018.0,113.0,129.0,-6.5,6.5,3.0,-3.0
203,2017-11-15,ATL,SAC,2018.0,126.0,80.0,-5.0,5.0,3.0,0.0
204,2017-11-15,CHA,CLE,2018.0,107.0,115.0,0.0,0.0,-2.0,0.0
205,2017-11-15,LAL,PHI,2018.0,109.0,115.0,4.0,-4.0,-1.0,1.0
206,2017-11-15,MEM,IND,2018.0,113.0,116.0,-3.0,3.0,-1.0,-3.0
207,2017-11-15,MIA,WAS,2018.0,93.0,102.0,-2.0,2.0,1.0,3.0
208,2017-11-15,MIL,DET,2018.0,99.0,95.0,-4.5,4.5,2.0,2.0
209,2017-11-15,MIN,SAS,2018.0,98.0,86.0,-5.0,5.0,1.0,1.0
210,2017-11-15,NOP,TOR,2018.0,116.0,125.0,-3.0,3.0,3.0,-3.0
211,2017-11-15,NYK,UTA,2018.0,106.0,101.0,-3.5,3.5,3.0,-3.0
212,2017-11-15,OKC,CHI,2018.0,92.0,79.0,-12.5,12.5,-1.0,-1.0
213,2017-11-15,POR,ORL,2018.0,99.0,94.0,-5.0,5.0,-1.0,1.0
214,2017-11-16,BOS,GSW,2018.0,92.0,88.0,7.0,-7.0,2.0,3.0
215,2017-11-16,PHO,HOU,2018.0,116.0,142.0,12.5,-12.5,-3.0,1.0
216,2017-11-17,BRK,UTA,2018.0,118.0,107.0,-2.0,2.0,1.0,-3.0
217,2017-11-17,CHI,CHA,2018.0,123.0,120.0,6.5,-6.5,-3.0,-4.0
218,2017-11-17,CLE,LAC,2018.0,118.0,113.0,-6.5,6.5,2.0,-5.0
219,2017-11-17,DAL,MIN,2018.0,87.0,111.0,6.0,-6.0,-1.0,1.0
220,2017-11-17,DEN,NOP,2018.0,146.0,114.0,-5.0,5.0,-1.0,1.0
221,2017-11-17,IND,DET,2018.0,107.0,100.0,-1.0,1.0,-1.0,2.0
222,2017-11-17,LAL,PHO,2018.0,113.0,122.0,-7.5,7.5,-3.0,-3.0
223,2017-11-17,SAC,POR,2018.0,86.0,82.0,7.0,-7.0,-1.0,0.0
224,2017-11-17,SAS,OKC,2018.0,104.0,101.0,1.5,-1.5,-1.0,1.0
225,2017-11-17,TOR,NYK,2018.0,107.0,84.0,-7.5,7.5,-1.0,3.0
226,2017-11-17,WAS,MIA,2018.0,88.0,91.0,-4.5,4.5,3.0,-1.0
227,2017-11-18,ATL,BOS,2018.0,99.0,110.0,6.0,-6.0,3.0,4.0
228,2017-11-18,CHA,LAC,2018.0,102.0,87.0,-5.0,5.0,-4.0,-3.0
229,2017-11-18,DAL,MIL,2018.0,111.0,79.0,6.0,-6.0,-1.0,2.0
230,2017-11-18,MEM,HOU,2018.0,83.0,105.0,7.5,-7.5,-3.0,1.0
231,2017-11-18,ORL,UTA,2018.0,85.0,125.0,-6.0,6.0,2.0,-3.0
232,2017-11-18,PHI,GSW,2018.0,116.0,124.0,9.0,-9.0,1.0,1.0
233,2017-11-18,POR,SAC,2018.0,102.0,90.0,-12.0,12.0,-2.0,-1.0
234,2017-11-19,BRK,GSW,2018.0,111.0,118.0,11.5,-11.5,1.0,-1.0
235,2017-11-19,LAL,DEN,2018.0,127.0,109.0,5.5,-5.5,-3.0,1.0
236,2017-11-19,MIA,IND,2018.0,95.0,120.0,-5.5,5.5,1.0,1.0
237,2017-11-19,MIN,DET,2018.0,97.0,100.0,-6.0,6.0,1.0,1.0
238,2017-11-19,PHO,CHI,2018.0,113.0,105.0,-2.5,2.5,-1.0,-1.0
239,2017-11-19,TOR,WAS,2018.0,100.0,91.0,-6.5,6.5,1.0,3.0
240,2017-11-20,CHA,MIN,2018.0,118.0,102.0,-2.5,2.5,-2.0,1.0
241,2017-11-20,DAL,BOS,2018.0,102.0,110.0,6.5,-6.5,-1.0,4.0
242,2017-11-20,DET,CLE,2018.0,88.0,116.0,2.0,-2.0,1.0,1.0
243,2017-11-20,MEM,POR,2018.0,92.0,100.0,1.0,-1.0,-3.0,-1.0
244,2017-11-20,MIL,WAS,2018.0,88.0,99.0,-3.5,3.5,1.0,1.0
245,2017-11-20,NOP,OKC,2018.0,114.0,107.0,3.0,-3.0,-1.0,1.0
246,2017-11-20,NYK,LAC,2018.0,107.0,85.0,2.0,-2.0,1.0,-3.0
247,2017-11-20,ORL,IND,2018.0,97.0,105.0,-3.5,3.5,0.0,3.0
248,2017-11-20,PHI,UTA,2018.0,107.0,86.0,-6.0,6.0,1.0,-1.0
249,2017-11-20,SAC,DEN,2018.0,98.0,114.0,5.0,-5.0,-2.0,1.0
250,2017-11-20,SAS,ATL,2018.0,96.0,85.0,-9.0,9.0,-1.0,1.0
251,2017-11-21,LAL,CHI,2018.0,103.0,94.0,-5.5,5.5,-1.0,-3.0
252,2017-11-22,ATL,LAC,2018.0,103.0,116.0,3.0,-3.0,-1.0,-3.0
253,2017-11-22,CHA,WAS,2018.0,129.0,124.0,-3.0,3.0,0.0,1.0
254,2017-11-22,CLE,BRK,2018.0,119.0,109.0,-11.5,11.5,1.0,1.0
255,2017-11-22,HOU,DEN,2018.0,125.0,95.0,-9.0,9.0,3.0,1.0
256,2017-11-22,MEM,DAL,2018.0,94.0,95.0,-5.5,5.5,-5.0,-1.0
257,2017-11-22,MIA,BOS,2018.0,104.0,98.0,1.5,-1.5,-1.0,5.0
258,2017-11-22,MIN,ORL,2018.0,124.0,118.0,-7.0,7.0,1.0,-2.0
259,2017-11-22,NOP,SAS,2018.0,107.0,90.0,-1.0,1.0,-1.0,1.0
260,2017-11-22,NYK,TOR,2018.0,108.0,100.0,4.5,-4.5,3.0,3.0
261,2017-11-22,OKC,GSW,2018.0,108.0,91.0,5.5,-5.5,1.0,-3.0
262,2017-11-22,PHI,POR,2018.0,101.0,81.0,-4.0,4.0,3.0,1.0
263,2017-11-22,PHO,MIL,2018.0,107.0,113.0,2.0,-2.0,1.0,-1.0
264,2017-11-22,SAC,LAL,2018.0,113.0,102.0,-1.0,1.0,-2.0,1.0
265,2017-11-22,UTA,CHI,2018.0,110.0,80.0,-8.5,8.5,-3.0,-3.0
266,2017-11-24,ATL,NYK,2018.0,116.0,104.0,-2.0,2.0,-1.0,3.0
267,2017-11-24,BOS,ORL,2018.0,118.0,103.0,-6.5,6.5,3.0,0.0
268,2017-11-24,BRK,POR,2018.0,125.0,127.0,5.0,-5.0,1.0,-1.0
269,2017-11-24,CLE,CHA,2018.0,100.0,99.0,-5.0,5.0,-1.0,1.0
270,2017-11-24,DEN,MEM,2018.0,104.0,92.0,-6.0,6.0,-1.0,-5.0
271,2017-11-24,GSW,CHI,2018.0,143.0,94.0,-16.0,16.0,-5.0,-3.0
272,2017-11-24,IND,TOR,2018.0,107.0,104.0,2.0,-2.0,3.0,3.0
273,2017-11-24,MIN,MIA,2018.0,97.0,109.0,-3.5,3.5,-1.0,-1.0
274,2017-11-24,OKC,DET,2018.0,98.0,99.0,-8.5,8.5,1.0,1.0
275,2017-11-24,PHO,NOP,2018.0,91.0,115.0,6.5,-6.5,-1.0,-1.0
276,2017-11-25,ATL,TOR,2018.0,78.0,112.0,6.5,-6.5,-1.0,1.0
277,2017-11-25,CHA,SAS,2018.0,86.0,106.0,-1.5,1.5,3.0,-1.0
278,2017-11-25,DAL,OKC,2018.0,97.0,81.0,6.0,-6.0,1.0,-1.0
279,2017-11-25,GSW,NOP,2018.0,110.0,95.0,-10.5,10.5,-3.0,1.0
280,2017-11-25,HOU,NYK,2018.0,117.0,102.0,-18.5,18.5,3.0,1.0
281,2017-11-25,IND,BOS,2018.0,98.0,108.0,3.5,-3.5,5.0,3.0
282,2017-11-25,PHI,ORL,2018.0,130.0,111.0,-5.5,5.5,5.0,-2.0
283,2017-11-25,SAC,LAC,2018.0,95.0,97.0,4.0,-4.0,0.0,-1.0
284,2017-11-25,UTA,MIL,2018.0,121.0,108.0,1.5,-1.5,-1.0,-1.0
285,2017-11-25,WAS,POR,2018.0,105.0,108.0,-4.5,4.5,-1.0,-2.0
286,2017-11-26,CHI,MIA,2018.0,93.0,100.0,7.5,-7.5,-3.0,1.0
287,2017-11-26,MEM,BRK,2018.0,88.0,98.0,-5.5,5.5,-5.0,3.0
288,2017-11-26,MIN,PHO,2018.0,119.0,108.0,-11.0,11.0,-3.0,-1.0
289,2017-11-27,BOS,DET,2018.0,108.0,118.0,-6.0,6.0,3.0,1.0
290,2017-11-27,GSW,SAC,2018.0,106.0,110.0,-13.0,13.0,-1.0,2.0
291,2017-11-27,HOU,BRK,2018.0,117.0,103.0,-18.0,18.0,1.0,5.0
292,2017-11-27,IND,ORL,2018.0,121.0,109.0,-4.5,4.5,3.0,-3.0
293,2017-11-27,LAC,LAL,2018.0,120.0,115.0,-4.5,4.5,-1.0,-1.0
294,2017-11-27,NYK,POR,2018.0,91.0,103.0,1.5,-1.5,1.0,0.0
295,2017-11-27,PHI,CLE,2018.0,91.0,113.0,-2.5,2.5,5.0,-1.0
296,2017-11-27,SAS,DAL,2018.0,115.0,108.0,-9.0,9.0,1.0,1.0
297,2017-11-28,CHI,PHO,2018.0,99.0,104.0,-1.0,1.0,-3.0,0.0
298,2017-11-28,CLE,MIA,2018.0,108.0,97.0,-4.0,4.0,-1.0,1.0
299,2017-11-28,MIN,WAS,2018.0,89.0,92.0,-5.0,5.0,-4.0,-3.0
300,2017-11-28,SAC,MIL,2018.0,87.0,112.0,6.5,-6.5,2.0,-3.0
301,2017-11-28,UTA,DEN,2018.0,106.0,77.0,1.0,-1.0,1.0,1.0
302,2017-11-29,DAL,BRK,2018.0,104.0,109.0,-5.5,5.5,3.0,5.0
303,2017-11-29,DET,PHO,2018.0,131.0,107.0,-11.0,11.0,1.0,0.0
304,2017-11-29,HOU,IND,2018.0,118.0,97.0,-11.0,11.0,1.0,3.0
305,2017-11-29,LAL,GSW,2018.0,123.0,127.0,13.5,-13.5,-1.0,-1.0
306,2017-11-29,NOP,MIN,2018.0,102.0,120.0,-6.0,6.0,1.0,-4.0
307,2017-11-29,NYK,MIA,2018.0,115.0,86.0,-1.5,1.5,1.0,-1.0
308,2017-11-29,ORL,OKC,2018.0,121.0,108.0,6.0,-6.0,-3.0,-3.0
309,2017-11-29,PHI,WAS,2018.0,118.0,113.0,-7.5,7.5,3.0,-1.0
310,2017-11-29,SAS,MEM,2018.0,104.0,95.0,-9.0,9.0,1.0,-5.0
311,2017-11-29,TOR,CHA,2018.0,126.0,113.0,-7.5,7.5,1.0,3.0
312,2017-11-30,ATL,CLE,2018.0,114.0,121.0,7.5,-7.5,-3.0,1.0
313,2017-11-30,BOS,PHI,2018.0,108.0,97.0,-8.0,8.0,1.0,1.0
314,2017-11-30,DEN,CHI,2018.0,111.0,110.0,-10.5,10.5,-1.0,-3.0
315,2017-11-30,LAC,UTA,2018.0,107.0,126.0,-1.0,1.0,-1.0,3.0
316,2017-11-30,POR,MIL,2018.0,91.0,103.0,-4.0,4.0,1.0,-1.0
317,2017-12-01,CHI,SAC,2018.0,106.0,107.0,1.0,-1.0,-1.0,1.0
318,2017-12-01,MEM,SAS,2018.0,79.0,95.0,3.5,-3.5,-4.0,0.0
319,2017-12-01,MIA,CHA,2018.0,105.0,100.0,-2.0,2.0,-1.0,1.0
320,2017-12-01,OKC,MIN,2018.0,111.0,107.0,-5.5,5.5,-3.0,-2.0
321,2017-12-01,ORL,GSW,2018.0,112.0,133.0,10.5,-10.5,-1.0,-1.0
322,2017-12-01,TOR,IND,2018.0,120.0,115.0,-7.0,7.0,1.0,1.0
323,2017-12-01,UTA,NOP,2018.0,114.0,108.0,3.5,-3.5,3.0,1.0
324,2017-12-01,WAS,DET,2018.0,109.0,91.0,1.0,-1.0,1.0,3.0
325,2017-12-02,BOS,PHO,2018.0,116.0,111.0,-12.0,12.0,1.0,-2.0
326,2017-12-02,BRK,ATL,2018.0,102.0,114.0,-4.5,4.5,5.0,-1.0
327,2017-12-02,CLE,MEM,2018.0,116.0,111.0,-11.5,11.5,-1.0,-4.0
328,2017-12-02,DAL,LAC,2018.0,108.0,82.0,-4.5,4.5,1.0,-1.0
329,2017-12-02,DEN,LAL,2018.0,115.0,100.0,-3.5,3.5,-1.0,1.0
330,2017-12-02,MIL,SAC,2018.0,109.0,104.0,-13.0,13.0,1.0,2.0
331,2017-12-02,PHI,DET,2018.0,108.0,103.0,-4.0,4.0,-1.0,1.0
332,2017-12-02,POR,NOP,2018.0,116.0,123.0,-7.5,7.5,-1.0,-1.0
333,2017-12-03,LAL,HOU,2018.0,95.0,118.0,12.0,-12.0,-1.0,1.0
334,2017-12-03,MIA,GSW,2018.0,95.0,123.0,10.5,-10.5,-1.0,1.0
335,2017-12-03,MIN,LAC,2018.0,112.0,106.0,-12.0,12.0,0.0,-1.0
336,2017-12-03,NYK,ORL,2018.0,100.0,105.0,2.5,-2.5,1.0,-3.0
337,2017-12-03,OKC,SAS,2018.0,90.0,87.0,-8.5,8.5,-3.0,0.0
338,2017-12-04,ATL,BRK,2018.0,90.0,110.0,-1.0,1.0,1.0,3.0
339,2017-12-04,BOS,MIL,2018.0,111.0,100.0,-4.5,4.5,1.0,1.0
340,2017-12-04,CHA,ORL,2018.0,104.0,94.0,-7.5,7.5,-1.0,-1.0
341,2017-12-04,CHI,CLE,2018.0,91.0,113.0,9.0,-9.0,0.0,-1.0
342,2017-12-04,DAL,DEN,2018.0,122.0,105.0,-2.0,2.0,3.0,-1.0
343,2017-12-04,IND,NYK,2018.0,115.0,97.0,-11.0,11.0,1.0,-1.0
344,2017-12-04,MEM,MIN,2018.0,95.0,92.0,3.0,-3.0,-2.0,0.0
345,2017-12-04,NOP,GSW,2018.0,115.0,125.0,9.0,-9.0,-1.0,1.0
346,2017-12-04,PHI,PHO,2018.0,101.0,115.0,-10.0,10.0,-1.0,0.0
347,2017-12-04,SAS,DET,2018.0,96.0,93.0,-4.0,4.0,2.0,1.0
348,2017-12-04,UTA,WAS,2018.0,116.0,69.0,-4.0,4.0,5.0,1.0
349,2017-12-05,OKC,UTA,2018.0,100.0,94.0,-8.0,8.0,-5.0,5.0
350,2017-12-05,POR,WAS,2018.0,92.0,106.0,-6.5,6.5,-1.0,1.0
351,2017-12-05,TOR,PHO,2018.0,126.0,113.0,-14.5,14.5,-1.0,2.0
352,2017-12-06,BOS,DAL,2018.0,97.0,90.0,-8.0,8.0,1.0,3.0
353,2017-12-06,CHA,GSW,2018.0,87.0,101.0,3.0,-3.0,-1.0,1.0
354,2017-12-06,CLE,SAC,2018.0,101.0,95.0,-12.5,12.5,1.0,2.0
355,2017-12-06,IND,CHI,2018.0,98.0,96.0,-10.0,10.0,1.0,0.0
356,2017-12-06,LAC,MIN,2018.0,107.0,113.0,5.5,-5.5,-1.0,-1.0
357,2017-12-06,MIL,DET,2018.0,104.0,100.0,-4.0,4.0,-1.0,1.0
358,2017-12-06,NOP,DEN,2018.0,123.0,114.0,-5.5,5.5,-3.0,-1.0
359,2017-12-06,NYK,MEM,2018.0,99.0,88.0,-1.5,1.5,-1.0,0.0
360,2017-12-06,ORL,ATL,2018.0,110.0,106.0,-6.5,6.5,-1.0,1.0
361,2017-12-06,SAS,MIA,2018.0,117.0,105.0,-7.5,7.5,0.0,-3.0
362,2017-12-07,BRK,OKC,2018.0,100.0,95.0,7.0,-7.0,3.0,-5.0
363,2017-12-07,PHI,LAL,2018.0,104.0,107.0,-8.5,8.5,-3.0,-3.0
364,2017-12-07,PHO,WAS,2018.0,99.0,109.0,6.5,-6.5,3.0,3.0
365,2017-12-07,UTA,HOU,2018.0,101.0,112.0,6.0,-6.0,5.0,1.0
366,2017-12-08,CHA,CHI,2018.0,111.0,119.0,-9.5,9.5,-3.0,0.0
367,2017-12-08,DET,GSW,2018.0,98.0,102.0,5.5,-5.5,0.0,3.0
368,2017-12-08,IND,CLE,2018.0,106.0,102.0,3.5,-3.5,1.0,-1.0
369,2017-12-08,MEM,TOR,2018.0,107.0,116.0,5.5,-5.5,0.0,-1.0
370,2017-12-08,MIL,DAL,2018.0,109.0,102.0,-6.5,6.5,0.0,3.0
371,2017-12-08,NOP,SAC,2018.0,109.0,116.0,-9.5,9.5,-1.0,2.0
372,2017-12-08,ORL,DEN,2018.0,89.0,103.0,-1.5,1.5,-1.0,-3.0
373,2017-12-08,SAS,BOS,2018.0,105.0,102.0,-2.5,2.5,2.0,-1.0
374,2017-12-09,ATL,ORL,2018.0,117.0,110.0,-5.0,5.0,1.0,-3.0
375,2017-12-09,BRK,MIA,2018.0,89.0,101.0,2.5,-2.5,3.0,-3.0
376,2017-12-09,CHA,LAL,2018.0,99.0,110.0,-3.5,3.5,-3.0,-1.0
377,2017-12-09,CHI,NYK,2018.0,104.0,102.0,3.5,-3.5,2.0,-1.0
378,2017-12-09,CLE,PHI,2018.0,105.0,98.0,-5.5,5.5,-3.0,-3.0
379,2017-12-09,LAC,WAS,2018.0,113.0,112.0,2.0,-2.0,-1.0,3.0
380,2017-12-09,MEM,OKC,2018.0,101.0,102.0,4.5,-4.5,-1.0,-5.0
381,2017-12-09,MIL,UTA,2018.0,117.0,100.0,-1.0,1.0,0.0,3.0
382,2017-12-09,PHO,SAS,2018.0,101.0,104.0,5.0,-5.0,1.0,3.0
383,2017-12-09,POR,HOU,2018.0,117.0,124.0,8.5,-8.5,-1.0,1.0
384,2017-12-10,DET,BOS,2018.0,81.0,91.0,1.5,-1.5,0.0,-1.0
385,2017-12-10,IND,DEN,2018.0,126.0,116.0,-5.0,5.0,1.0,-1.0
386,2017-12-10,MIN,DAL,2018.0,97.0,92.0,-8.0,8.0,1.0,1.0
387,2017-12-10,NOP,PHI,2018.0,131.0,124.0,-7.0,7.0,-1.0,-3.0
388,2017-12-10,NYK,ATL,2018.0,111.0,107.0,-5.5,5.5,-1.0,3.0
389,2017-12-10,SAC,TOR,2018.0,87.0,102.0,9.0,-9.0,2.0,1.0
390,2017-12-11,CHI,BOS,2018.0,108.0,85.0,5.5,-5.5,2.0,-1.0
391,2017-12-11,GSW,POR,2018.0,111.0,104.0,-8.5,8.5,3.0,-1.0
392,2017-12-11,HOU,NOP,2018.0,130.0,123.0,-13.5,13.5,1.0,0.0
393,2017-12-11,LAC,TOR,2018.0,96.0,91.0,6.0,-6.0,-1.0,1.0
394,2017-12-11,MEM,MIA,2018.0,82.0,107.0,-1.5,1.5,1.0,-1.0
395,2017-12-11,OKC,CHA,2018.0,103.0,116.0,-7.5,7.5,-5.0,-3.0
396,2017-12-12,BRK,WAS,2018.0,103.0,98.0,3.5,-3.5,1.0,1.0
397,2017-12-12,CLE,ATL,2018.0,123.0,114.0,-12.0,12.0,-1.0,3.0
398,2017-12-12,DAL,SAS,2018.0,95.0,89.0,6.0,-6.0,3.0,1.0
399,2017-12-12,DET,DEN,2018.0,84.0,103.0,-6.5,6.5,0.0,-1.0
400,2017-12-12,MIN,PHI,2018.0,112.0,118.0,-5.0,5.0,-1.0,-2.0
401,2017-12-12,NYK,LAL,2018.0,113.0,109.0,-2.5,2.5,-3.0,1.0
402,2017-12-12,SAC,PHO,2018.0,99.0,92.0,-4.5,4.5,2.0,3.0
403,2017-12-13,BOS,DEN,2018.0,124.0,118.0,-6.0,6.0,-1.0,-1.0
404,2017-12-13,CHI,UTA,2018.0,103.0,100.0,5.5,-5.5,3.0,1.0
405,2017-12-13,HOU,CHA,2018.0,108.0,96.0,-12.0,12.0,1.0,-1.0
406,2017-12-13,IND,OKC,2018.0,95.0,100.0,1.0,-1.0,3.0,-5.0
407,2017-12-13,MIA,POR,2018.0,95.0,102.0,-3.0,3.0,1.0,-1.0
408,2017-12-13,NOP,MIL,2018.0,115.0,108.0,-2.5,2.5,0.0,0.0
409,2017-12-13,ORL,LAC,2018.0,95.0,106.0,1.0,-1.0,-3.0,1.0
410,2017-12-13,PHO,TOR,2018.0,109.0,115.0,12.0,-12.0,1.0,-1.0
411,2017-12-13,WAS,MEM,2018.0,93.0,87.0,-7.5,7.5,-1.0,-1.0
412,2017-12-14,ATL,DET,2018.0,91.0,105.0,4.0,-4.0,3.0,0.0
413,2017-12-14,BRK,NYK,2018.0,104.0,111.0,-1.5,1.5,1.0,-1.0
414,2017-12-14,CLE,LAL,2018.0,121.0,112.0,-10.0,10.0,-1.0,-1.0
415,2017-12-14,GSW,DAL,2018.0,112.0,97.0,-10.0,10.0,1.0,3.0
416,2017-12-14,MIN,SAC,2018.0,119.0,96.0,-11.0,11.0,-3.0,3.0
417,2017-12-15,BOS,UTA,2018.0,95.0,107.0,-4.5,4.5,-2.0,-1.0
418,2017-12-15,CHA,MIA,2018.0,98.0,104.0,-5.0,5.0,-2.0,-1.0
419,2017-12-15,DEN,NOP,2018.0,117.0,111.0,-1.5,1.5,0.0,2.0
420,2017-12-15,HOU,SAS,2018.0,124.0,109.0,-8.0,8.0,0.0,-1.0
421,2017-12-15,IND,DET,2018.0,98.0,104.0,-5.0,5.0,1.0,0.0
422,2017-12-15,MEM,ATL,2018.0,96.0,94.0,-6.5,6.5,-1.0,3.0
423,2017-12-15,MIL,CHI,2018.0,109.0,115.0,-8.5,8.5,0.0,5.0
424,2017-12-15,ORL,POR,2018.0,88.0,95.0,4.5,-4.5,-5.0,1.0
425,2017-12-15,PHI,OKC,2018.0,117.0,119.0,-1.5,1.5,-2.0,-3.0
426,2017-12-15,TOR,BRK,2018.0,120.0,87.0,-13.0,13.0,-1.0,1.0
427,2017-12-15,WAS,LAC,2018.0,100.0,91.0,-10.5,10.5,-1.0,3.0
428,2017-12-16,CHA,POR,2018.0,91.0,93.0,-3.5,3.5,-2.0,3.0
429,2017-12-16,CLE,UTA,2018.0,109.0,100.0,-9.5,9.5,-3.0,-1.0
430,2017-12-16,HOU,MIL,2018.0,115.0,111.0,-10.5,10.5,0.0,0.0
431,2017-12-16,MEM,BOS,2018.0,93.0,102.0,5.5,-5.5,-1.0,-2.0
432,2017-12-16,MIA,LAC,2018.0,90.0,85.0,-6.0,6.0,1.0,3.0
433,2017-12-16,MIN,PHO,2018.0,106.0,108.0,-12.0,12.0,-1.0,1.0
434,2017-12-16,NYK,OKC,2018.0,111.0,96.0,4.5,-4.5,1.0,-1.0
435,2017-12-16,SAS,DAL,2018.0,98.0,96.0,-6.0,6.0,-1.0,1.0
436,2017-12-17,BRK,IND,2018.0,97.0,109.0,3.5,-3.5,-1.0,-1.0
437,2017-12-17,DET,ORL,2018.0,114.0,110.0,-8.5,8.5,1.0,-5.0
438,2017-12-17,TOR,SAC,2018.0,108.0,93.0,-12.0,12.0,1.0,1.0
439,2017-12-17,WAS,CLE,2018.0,99.0,106.0,-2.5,2.5,-3.0,-3.0
440,2017-12-18,ATL,MIA,2018.0,110.0,104.0,-2.0,2.0,3.0,1.0
441,2017-12-18,CHA,NYK,2018.0,109.0,91.0,-8.5,8.5,-2.0,1.0
442,2017-12-18,CHI,PHI,2018.0,117.0,115.0,2.0,-2.0,5.0,-2.0
443,2017-12-18,DAL,PHO,2018.0,91.0,97.0,-7.5,7.5,1.0,1.0
444,2017-12-18,HOU,UTA,2018.0,120.0,99.0,-12.0,12.0,-2.0,-1.0
445,2017-12-18,IND,BOS,2018.0,111.0,112.0,2.5,-2.5,1.0,0.0
446,2017-12-18,LAL,GSW,2018.0,114.0,116.0,5.5,-5.5,1.0,1.0
447,2017-12-18,MIN,POR,2018.0,108.0,107.0,-4.5,4.5,-1.0,5.0
448,2017-12-18,OKC,DEN,2018.0,95.0,94.0,-5.0,5.0,-1.0,2.0
449,2017-12-18,SAS,LAC,2018.0,109.0,91.0,-11.5,11.5,-3.0,5.0
450,2017-12-19,MIL,CLE,2018.0,119.0,116.0,1.5,-1.5,1.0,-1.0
451,2017-12-19,PHI,SAC,2018.0,95.0,101.0,-8.5,8.5,-2.0,-1.0
452,2017-12-19,WAS,NOP,2018.0,116.0,106.0,-2.0,2.0,-5.0,0.0
453,2017-12-20,ATL,IND,2018.0,95.0,105.0,4.5,-4.5,3.0,1.0
454,2017-12-20,BOS,MIA,2018.0,89.0,90.0,-9.0,9.0,-2.0,-1.0
455,2017-12-20,BRK,SAC,2018.0,99.0,104.0,-5.5,5.5,-3.0,-1.0
456,2017-12-20,CHA,TOR,2018.0,111.0,129.0,2.0,-2.0,0.0,1.0
457,2017-12-20,CHI,ORL,2018.0,112.0,94.0,-5.0,5.0,5.0,-3.0
458,2017-12-20,DAL,DET,2018.0,110.0,93.0,-1.0,1.0,1.0,-1.0
459,2017-12-20,DEN,MIN,2018.0,104.0,112.0,-1.0,1.0,2.0,-3.0
460,2017-12-20,GSW,MEM,2018.0,97.0,84.0,-9.5,9.5,-1.0,-1.0
461,2017-12-20,HOU,LAL,2018.0,116.0,122.0,-14.5,14.5,0.0,3.0
462,2017-12-20,LAC,PHO,2018.0,108.0,95.0,-5.5,5.5,3.0,3.0
463,2017-12-20,OKC,UTA,2018.0,107.0,79.0,-8.0,8.0,-1.0,-1.0
464,2017-12-20,POR,SAS,2018.0,91.0,93.0,-3.0,3.0,5.0,-3.0
465,2017-12-21,CLE,CHI,2018.0,115.0,112.0,-10.0,10.0,-3.0,5.0
466,2017-12-21,NYK,BOS,2018.0,102.0,93.0,2.5,-2.5,1.0,-2.0
467,2017-12-21,PHI,TOR,2018.0,109.0,114.0,4.0,-4.0,-2.0,1.0
468,2017-12-21,PHO,MEM,2018.0,97.0,95.0,3.5,-3.5,1.0,-3.0
469,2017-12-21,UTA,SAS,2018.0,100.0,89.0,2.0,-2.0,-1.0,-1.0
470,2017-12-22,BRK,WAS,2018.0,119.0,84.0,6.0,-6.0,-3.0,-3.0
471,2017-12-22,DET,NYK,2018.0,104.0,101.0,-6.5,6.5,-1.0,3.0
472,2017-12-22,GSW,LAL,2018.0,113.0,106.0,-11.5,11.5,-1.0,3.0
473,2017-12-22,HOU,LAC,2018.0,118.0,128.0,-12.0,12.0,0.0,3.0
474,2017-12-22,MIA,DAL,2018.0,113.0,101.0,2.0,-2.0,-1.0,1.0
475,2017-12-22,MIL,CHA,2018.0,109.0,104.0,-5.0,5.0,1.0,-2.0
476,2017-12-22,OKC,ATL,2018.0,120.0,117.0,-11.0,11.0,1.0,1.0
477,2017-12-22,ORL,NOP,2018.0,97.0,111.0,6.5,-6.5,-3.0,0.0
478,2017-12-22,POR,DEN,2018.0,85.0,102.0,2.0,-2.0,3.0,2.0
479,2017-12-23,ATL,DAL,2018.0,112.0,107.0,1.5,-1.5,1.0,-1.0
480,2017-12-23,BOS,CHI,2018.0,117.0,92.0,-8.0,8.0,-3.0,5.0
481,2017-12-23,CHA,MIL,2018.0,111.0,106.0,-4.5,4.5,-2.0,0.0
482,2017-12-23,GSW,DEN,2018.0,81.0,96.0,-8.0,8.0,-1.0,2.0
483,2017-12-23,IND,BRK,2018.0,123.0,119.0,-9.5,9.5,1.0,-3.0
484,2017-12-23,LAL,POR,2018.0,92.0,95.0,-3.5,3.5,3.0,1.0
485,2017-12-23,MEM,LAC,2018.0,115.0,112.0,-2.5,2.5,-3.0,3.0
486,2017-12-23,MIA,NOP,2018.0,94.0,109.0,3.0,-3.0,1.0,1.0
487,2017-12-23,PHO,MIN,2018.0,106.0,115.0,8.0,-8.0,3.0,-1.0
488,2017-12-23,SAC,SAS,2018.0,99.0,108.0,6.0,-6.0,1.0,-1.0
489,2017-12-23,TOR,PHI,2018.0,102.0,86.0,-7.5,7.5,3.0,-3.0
490,2017-12-23,UTA,OKC,2018.0,89.0,103.0,-1.5,1.5,1.0,-1.0
491,2017-12-23,WAS,ORL,2018.0,130.0,103.0,-12.0,12.0,-3.0,-3.0
492,2017-12-25,BOS,WAS,2018.0,103.0,111.0,-4.0,4.0,-1.0,-1.0
493,2017-12-25,GSW,CLE,2018.0,99.0,92.0,-4.5,4.5,-1.0,-3.0
494,2017-12-25,LAL,MIN,2018.0,104.0,121.0,6.0,-6.0,3.0,1.0
495,2017-12-25,NYK,PHI,2018.0,98.0,105.0,1.5,-1.5,3.0,-5.0
496,2017-12-25,OKC,HOU,2018.0,112.0,107.0,-2.0,2.0,-1.0,-1.0
497,2017-12-26,DAL,TOR,2018.0,98.0,93.0,6.0,-6.0,-1.0,5.0
498,2017-12-26,DEN,UTA,2018.0,107.0,83.0,-6.0,6.0,3.0,-1.0
499,2017-12-26,DET,IND,2018.0,107.0,83.0,-1.5,1.5,-1.0,1.0
500,2017-12-26,LAC,SAC,2018.0,122.0,95.0,-5.5,5.5,1.0,-1.0
501,2017-12-26,MIA,ORL,2018.0,107.0,89.0,-9.0,9.0,-1.0,-3.0
502,2017-12-26,MIL,CHI,2018.0,106.0,115.0,-7.5,7.5,0.0,3.0
503,2017-12-26,PHO,MEM,2018.0,99.0,97.0,1.5,-1.5,1.0,-3.0
504,2017-12-26,SAS,BRK,2018.0,109.0,97.0,-12.0,12.0,1.0,-1.0
505,2017-12-27,ATL,WAS,2018.0,113.0,99.0,6.0,-6.0,3.0,1.0
506,2017-12-27,CHA,BOS,2018.0,91.0,102.0,1.0,-1.0,0.0,-3.0
507,2017-12-27,CHI,NYK,2018.0,92.0,87.0,-1.5,1.5,3.0,1.0
508,2017-12-27,GSW,UTA,2018.0,126.0,101.0,-11.0,11.0,-1.0,-3.0
509,2017-12-27,IND,DAL,2018.0,94.0,98.0,-3.5,3.5,1.0,-1.0
510,2017-12-27,LAL,MEM,2018.0,99.0,109.0,-3.5,3.5,1.0,-3.0
511,2017-12-27,MIN,DEN,2018.0,128.0,125.0,-5.0,5.0,1.0,3.0
512,2017-12-27,NOP,BRK,2018.0,128.0,113.0,-9.0,9.0,1.0,0.0
513,2017-12-27,OKC,TOR,2018.0,124.0,107.0,-3.5,3.5,1.0,3.0
514,2017-12-27,SAC,CLE,2018.0,109.0,95.0,9.0,-9.0,-1.0,-3.0
515,2017-12-28,BOS,HOU,2018.0,99.0,98.0,2.0,-2.0,-1.0,-3.0
516,2017-12-28,MIL,MIN,2018.0,102.0,96.0,-4.0,4.0,0.0,1.0
517,2017-12-28,ORL,DET,2018.0,102.0,89.0,4.0,-4.0,-3.0,-1.0
518,2017-12-28,POR,PHI,2018.0,114.0,110.0,2.0,-2.0,1.0,-3.0
519,2017-12-28,SAS,NYK,2018.0,119.0,107.0,-10.5,10.5,2.0,-1.0
520,2017-12-29,CHI,IND,2018.0,119.0,107.0,-3.0,3.0,3.0,-1.0
521,2017-12-29,GSW,CHA,2018.0,100.0,111.0,-10.0,10.0,1.0,0.0
522,2017-12-29,LAL,LAC,2018.0,106.0,121.0,3.0,-3.0,-1.0,1.0
523,2017-12-29,MIA,BRK,2018.0,87.0,111.0,-6.0,6.0,1.0,0.0
524,2017-12-29,NOP,DAL,2018.0,120.0,128.0,-6.5,6.5,1.0,1.0
525,2017-12-29,OKC,MIL,2018.0,95.0,97.0,-6.5,6.5,3.0,0.0
526,2017-12-29,SAC,PHO,2018.0,101.0,111.0,-3.0,3.0,1.0,1.0
527,2017-12-29,TOR,ATL,2018.0,111.0,98.0,-11.0,11.0,1.0,3.0
528,2017-12-29,WAS,HOU,2018.0,121.0,103.0,1.5,-1.5,1.0,-3.0
529,2017-12-30,ATL,POR,2018.0,104.0,89.0,2.5,-2.5,1.0,1.0
530,2017-12-30,DEN,PHI,2018.0,102.0,107.0,-7.0,7.0,3.0,-3.0
531,2017-12-30,DET,SAS,2018.0,93.0,79.0,5.0,-5.0,-3.0,2.0
532,2017-12-30,GSW,MEM,2018.0,141.0,128.0,-14.5,14.5,-1.0,-1.0
533,2017-12-30,NOP,NYK,2018.0,103.0,105.0,-5.5,5.5,1.0,-1.0
534,2017-12-30,ORL,MIA,2018.0,111.0,117.0,1.5,-1.5,-3.0,1.0
535,2017-12-30,UTA,CLE,2018.0,104.0,101.0,2.5,-2.5,-3.0,-3.0
536,2017-12-31,BOS,BRK,2018.0,108.0,105.0,-9.5,9.5,1.0,2.0
537,2017-12-31,HOU,LAL,2018.0,148.0,142.0,-15.0,15.0,-5.0,-3.0
538,2017-12-31,IND,MIN,2018.0,90.0,107.0,3.0,-3.0,-3.0,1.0
539,2017-12-31,LAC,CHA,2018.0,106.0,98.0,-2.0,2.0,3.0,0.0
540,2017-12-31,OKC,DAL,2018.0,113.0,116.0,-8.0,8.0,1.0,1.0
541,2017-12-31,PHO,PHI,2018.0,110.0,123.0,3.5,-3.5,1.0,-1.0
542,2017-12-31,SAC,MEM,2018.0,96.0,114.0,-2.5,2.5,-1.0,1.0
543,2017-12-31,WAS,CHI,2018.0,114.0,110.0,-8.0,8.0,1.0,3.0
544,2018-01-01,BRK,ORL,2018.0,98.0,95.0,-1.5,1.5,2.0,-3.0
545,2018-01-01,CHI,POR,2018.0,120.0,124.0,-3.0,3.0,3.0,-1.0
546,2018-01-01,MIN,LAL,2018.0,114.0,96.0,-9.5,9.5,1.0,-3.0
547,2018-01-01,TOR,MIL,2018.0,131.0,127.0,-6.0,6.0,1.0,0.0
548,2018-01-02,CLE,POR,2018.0,127.0,110.0,-8.5,8.5,-5.0,1.0
549,2018-01-02,LAC,MEM,2018.0,113.0,105.0,-5.5,5.5,3.0,3.0
550,2018-01-02,NYK,SAS,2018.0,91.0,100.0,5.5,-5.5,-1.0,0.0
551,2018-01-02,PHO,ATL,2018.0,104.0,103.0,-1.0,1.0,1.0,3.0
552,2018-01-02,SAC,CHA,2018.0,111.0,131.0,4.5,-4.5,-3.0,0.0
553,2018-01-03,BOS,CLE,2018.0,102.0,88.0,-3.0,3.0,1.0,-3.0
554,2018-01-03,BRK,MIN,2018.0,98.0,97.0,6.0,-6.0,2.0,1.0
555,2018-01-03,CHI,TOR,2018.0,115.0,124.0,4.5,-4.5,3.0,-1.0
556,2018-01-03,DAL,GSW,2018.0,122.0,125.0,8.0,-8.0,3.0,-1.0
557,2018-01-03,DEN,PHO,2018.0,134.0,111.0,-12.0,12.0,3.0,0.0
558,2018-01-03,LAL,OKC,2018.0,96.0,133.0,5.5,-5.5,-3.0,1.0
559,2018-01-03,MIA,DET,2018.0,111.0,104.0,-4.5,4.5,1.0,-1.0
560,2018-01-03,MIL,IND,2018.0,122.0,101.0,-7.5,7.5,1.0,-5.0
561,2018-01-03,ORL,HOU,2018.0,98.0,116.0,7.5,-7.5,-3.0,-5.0
562,2018-01-03,PHI,SAS,2018.0,112.0,106.0,-3.5,3.5,1.0,2.0
563,2018-01-03,UTA,NOP,2018.0,98.0,108.0,-1.0,1.0,-1.0,1.0
564,2018-01-03,WAS,NYK,2018.0,121.0,103.0,-9.5,9.5,1.0,-3.0
565,2018-01-04,HOU,GSW,2018.0,114.0,124.0,4.5,-4.5,-3.0,-1.0
566,2018-01-04,LAC,OKC,2018.0,117.0,127.0,1.5,-1.5,3.0,1.0
567,2018-01-05,BOS,MIN,2018.0,91.0,84.0,-3.0,3.0,1.0,-1.0
568,2018-01-05,DAL,CHI,2018.0,124.0,127.0,-4.0,4.0,5.0,1.0
569,2018-01-05,DEN,UTA,2018.0,99.0,91.0,-6.5,6.5,3.0,-3.0
570,2018-01-05,LAL,CHA,2018.0,94.0,108.0,2.5,-2.5,-3.0,1.0
571,2018-01-05,MEM,WAS,2018.0,100.0,102.0,4.5,-4.5,1.0,1.0
572,2018-01-05,MIA,NYK,2018.0,107.0,103.0,-6.5,6.5,1.0,-3.0
573,2018-01-05,MIL,TOR,2018.0,110.0,129.0,-1.5,1.5,3.0,-1.0
574,2018-01-05,PHI,DET,2018.0,114.0,78.0,-6.0,6.0,3.0,-1.0
575,2018-01-05,POR,ATL,2018.0,110.0,89.0,-7.0,7.0,1.0,2.0
576,2018-01-05,SAS,PHO,2018.0,103.0,89.0,-11.5,11.5,0.0,0.0
577,2018-01-06,BRK,BOS,2018.0,85.0,87.0,3.0,-3.0,3.0,3.0
578,2018-01-06,DET,HOU,2018.0,108.0,101.0,6.0,-6.0,-1.0,-3.0
579,2018-01-06,IND,CHI,2018.0,125.0,86.0,-5.5,5.5,-5.0,1.0
580,2018-01-06,LAC,GSW,2018.0,105.0,121.0,8.0,-8.0,3.0,-1.0
581,2018-01-06,MIN,NOP,2018.0,116.0,98.0,-1.5,1.5,-1.0,1.0
582,2018-01-06,ORL,CLE,2018.0,127.0,131.0,9.0,-9.0,-3.0,-3.0
583,2018-01-06,SAC,DEN,2018.0,106.0,98.0,8.5,-8.5,-3.0,3.0
584,2018-01-06,WAS,MIL,2018.0,103.0,110.0,-3.0,3.0,-1.0,3.0
585,2018-01-07,DAL,NYK,2018.0,96.0,100.0,-5.0,5.0,3.0,-1.0
586,2018-01-07,LAL,ATL,2018.0,132.0,113.0,-3.5,3.5,-3.0,0.0
587,2018-01-07,MIA,UTA,2018.0,103.0,102.0,-4.0,4.0,1.0,-3.0
588,2018-01-07,PHO,OKC,2018.0,114.0,100.0,8.0,-8.0,-2.0,1.0
589,2018-01-07,POR,SAS,2018.0,111.0,110.0,-1.0,1.0,1.0,1.0
590,2018-01-08,BRK,TOR,2018.0,113.0,114.0,7.5,-7.5,5.0,1.0
591,2018-01-08,CHI,HOU,2018.0,107.0,116.0,6.0,-6.0,-1.0,-3.0
592,2018-01-08,GSW,DEN,2018.0,124.0,114.0,-10.0,10.0,-1.0,1.0
593,2018-01-08,IND,MIL,2018.0,109.0,96.0,-1.5,1.5,-3.0,3.0
594,2018-01-08,LAC,ATL,2018.0,108.0,107.0,-4.5,4.5,1.0,-2.0
595,2018-01-08,MIN,CLE,2018.0,127.0,99.0,1.0,-1.0,1.0,-3.0
596,2018-01-08,NOP,DET,2018.0,112.0,109.0,-6.0,6.0,-1.0,-1.0
597,2018-01-08,SAC,SAS,2018.0,100.0,107.0,5.0,-5.0,-1.0,0.0
598,2018-01-09,DAL,ORL,2018.0,114.0,99.0,-7.0,7.0,1.0,-1.0
599,2018-01-09,LAL,SAC,2018.0,99.0,86.0,-8.0,8.0,-1.0,-3.0
600,2018-01-09,OKC,POR,2018.0,106.0,117.0,-8.0,8.0,-1.0,0.0
601,2018-01-09,TOR,MIA,2018.0,89.0,90.0,-4.0,4.0,1.0,-1.0
602,2018-01-10,BRK,DET,2018.0,80.0,114.0,2.0,-2.0,5.0,1.0
603,2018-01-10,CHA,DAL,2018.0,111.0,115.0,-6.5,6.5,1.0,1.0
604,2018-01-10,DEN,ATL,2018.0,97.0,110.0,-9.0,9.0,0.0,0.0
605,2018-01-10,GSW,LAC,2018.0,106.0,125.0,-12.0,12.0,0.0,-1.0
606,2018-01-10,HOU,POR,2018.0,121.0,112.0,-7.0,7.0,-1.0,2.0
607,2018-01-10,IND,MIA,2018.0,106.0,114.0,-4.5,4.5,-1.0,1.0
608,2018-01-10,MEM,NOP,2018.0,105.0,102.0,-1.0,1.0,3.0,-3.0
609,2018-01-10,MIL,ORL,2018.0,110.0,103.0,-10.5,10.5,1.0,-3.0
610,2018-01-10,MIN,OKC,2018.0,104.0,88.0,-4.5,4.5,1.0,-1.0
611,2018-01-10,NYK,CHI,2018.0,119.0,122.0,-5.0,5.0,1.0,-3.0
612,2018-01-10,WAS,UTA,2018.0,104.0,107.0,-8.0,8.0,-1.0,-1.0
613,2018-01-11,LAL,SAS,2018.0,93.0,81.0,2.5,-2.5,-1.0,2.0
614,2018-01-11,PHI,BOS,2018.0,103.0,114.0,2.0,-2.0,3.0,1.0
615,2018-01-11,SAC,LAC,2018.0,115.0,121.0,3.5,-3.5,-3.0,-1.0
616,2018-01-11,TOR,CLE,2018.0,133.0,99.0,2.5,-2.5,-1.0,-3.0
617,2018-01-12,ATL,BRK,2018.0,105.0,110.0,-3.0,3.0,0.0,3.0
618,2018-01-12,CHA,UTA,2018.0,99.0,88.0,-4.5,4.5,1.0,1.0
619,2018-01-12,DEN,MEM,2018.0,87.0,78.0,-6.5,6.5,0.0,3.0
620,2018-01-12,IND,CLE,2018.0,97.0,95.0,1.5,-1.5,-1.0,-3.0
621,2018-01-12,MIL,GSW,2018.0,94.0,108.0,4.5,-4.5,-1.0,0.0
622,2018-01-12,MIN,NYK,2018.0,118.0,108.0,-9.0,9.0,1.0,-1.0
623,2018-01-12,NOP,POR,2018.0,119.0,113.0,-3.5,3.5,-3.0,0.0
624,2018-01-12,PHO,HOU,2018.0,95.0,112.0,7.0,-7.0,-2.0,1.0
625,2018-01-12,WAS,ORL,2018.0,125.0,119.0,-11.0,11.0,-3.0,-1.0
626,2018-01-13,CHA,OKC,2018.0,91.0,101.0,2.0,-2.0,1.0,-1.0
627,2018-01-13,CHI,DET,2018.0,107.0,105.0,1.0,-1.0,-1.0,1.0
628,2018-01-13,DAL,LAL,2018.0,101.0,107.0,-4.5,4.5,1.0,1.0
629,2018-01-13,LAC,SAC,2018.0,126.0,105.0,-7.0,7.0,-1.0,-3.0
630,2018-01-13,SAS,DEN,2018.0,112.0,80.0,-7.5,7.5,0.0,0.0
631,2018-01-13,TOR,GSW,2018.0,125.0,127.0,5.5,-5.5,1.0,2.0
632,2018-01-13,WAS,BRK,2018.0,119.0,113.0,-9.5,9.5,-3.0,3.0
633,2018-01-14,MIA,MIL,2018.0,97.0,79.0,-1.5,1.5,1.0,-3.0
634,2018-01-14,MIN,POR,2018.0,120.0,103.0,-6.0,6.0,3.0,0.0
635,2018-01-14,NYK,NOP,2018.0,118.0,123.0,2.5,-2.5,-1.0,-1.0
636,2018-01-14,PHO,IND,2018.0,97.0,120.0,3.5,-3.5,-2.0,1.0
637,2018-01-15,ATL,SAS,2018.0,102.0,99.0,5.5,-5.5,-1.0,2.0
638,2018-01-15,BRK,NYK,2018.0,104.0,119.0,-3.5,3.5,3.0,-1.0
639,2018-01-15,CHI,MIA,2018.0,119.0,111.0,-1.5,1.5,1.0,1.0
640,2018-01-15,CLE,GSW,2018.0,108.0,118.0,5.5,-5.5,-5.0,0.0
641,2018-01-15,DET,CHA,2018.0,107.0,118.0,-3.0,3.0,1.0,1.0
642,2018-01-15,LAC,HOU,2018.0,113.0,102.0,4.5,-4.5,1.0,1.0
643,2018-01-15,MEM,LAL,2018.0,123.0,114.0,-3.5,3.5,1.0,3.0
644,2018-01-15,OKC,SAC,2018.0,95.0,88.0,-12.0,12.0,-1.0,-3.0
645,2018-01-15,PHI,TOR,2018.0,117.0,111.0,2.0,-2.0,3.0,1.0
646,2018-01-15,UTA,IND,2018.0,94.0,109.0,-5.0,5.0,-1.0,3.0
647,2018-01-15,WAS,MIL,2018.0,95.0,104.0,-5.0,5.0,-5.0,-3.0
648,2018-01-16,BOS,NOP,2018.0,113.0,116.0,-5.5,5.5,1.0,-1.0
649,2018-01-16,DEN,DAL,2018.0,105.0,102.0,-6.5,6.5,-2.0,-1.0
650,2018-01-16,ORL,MIN,2018.0,108.0,102.0,8.5,-8.5,1.0,5.0
651,2018-01-16,POR,PHO,2018.0,118.0,111.0,-11.0,11.0,-2.0,-3.0
652,2018-01-17,ATL,NOP,2018.0,94.0,93.0,2.5,-2.5,1.0,1.0
653,2018-01-17,BRK,SAS,2018.0,95.0,100.0,5.0,-5.0,1.0,0.0
654,2018-01-17,CHA,WAS,2018.0,133.0,109.0,-2.0,2.0,1.0,-5.0
655,2018-01-17,CHI,GSW,2018.0,112.0,119.0,8.5,-8.5,1.0,0.0
656,2018-01-17,LAC,DEN,2018.0,109.0,104.0,-4.5,4.5,3.0,-2.0
657,2018-01-17,MEM,NYK,2018.0,105.0,99.0,2.5,-2.5,1.0,-1.0
658,2018-01-17,MIL,MIA,2018.0,101.0,106.0,-4.5,4.5,-3.0,1.0
659,2018-01-17,OKC,LAL,2018.0,114.0,90.0,-9.5,9.5,-3.0,3.0
660,2018-01-17,SAC,UTA,2018.0,105.0,120.0,4.5,-4.5,-3.0,-1.0
661,2018-01-17,TOR,DET,2018.0,96.0,91.0,-8.5,8.5,-1.0,1.0
662,2018-01-18,BOS,PHI,2018.0,80.0,89.0,-3.0,3.0,1.0,3.0
663,2018-01-18,CLE,ORL,2018.0,104.0,103.0,-11.5,11.5,-5.0,3.0
664,2018-01-18,HOU,MIN,2018.0,116.0,98.0,-5.5,5.5,1.0,3.0
665,2018-01-18,POR,IND,2018.0,100.0,86.0,-4.5,4.5,-3.0,3.0
666,2018-01-19,BRK,MIA,2018.0,101.0,95.0,3.0,-3.0,0.0,3.0
667,2018-01-19,DEN,PHO,2018.0,100.0,108.0,-9.0,9.0,-3.0,-1.0
668,2018-01-19,DET,WAS,2018.0,112.0,122.0,1.0,-1.0,1.0,-5.0
669,2018-01-19,LAL,IND,2018.0,99.0,86.0,2.0,-2.0,1.0,1.0
670,2018-01-19,MEM,SAC,2018.0,106.0,88.0,-6.5,6.5,3.0,-3.0
671,2018-01-19,TOR,SAS,2018.0,86.0,83.0,-6.0,6.0,-1.0,0.0
672,2018-01-19,UTA,NYK,2018.0,115.0,117.0,-5.5,5.5,1.0,-3.0
673,2018-01-20,ATL,CHI,2018.0,97.0,113.0,-2.0,2.0,3.0,3.0
674,2018-01-20,CHA,MIA,2018.0,105.0,106.0,-7.0,7.0,1.0,1.0
675,2018-01-20,CLE,OKC,2018.0,124.0,148.0,-2.5,2.5,-5.0,-1.0
676,2018-01-20,HOU,GSW,2018.0,116.0,108.0,2.5,-2.5,3.0,-1.0
677,2018-01-20,MIN,TOR,2018.0,115.0,109.0,1.5,-1.5,1.0,-1.0
678,2018-01-20,NOP,MEM,2018.0,111.0,104.0,-9.0,9.0,1.0,3.0
679,2018-01-20,PHI,MIL,2018.0,116.0,94.0,-7.5,7.5,3.0,-3.0
680,2018-01-20,POR,DAL,2018.0,117.0,108.0,-5.5,5.5,-3.0,1.0
681,2018-01-20,UTA,LAC,2018.0,125.0,113.0,-2.5,2.5,-1.0,5.0
682,2018-01-21,BOS,ORL,2018.0,95.0,103.0,-10.5,10.5,-1.0,3.0
683,2018-01-21,DET,BRK,2018.0,100.0,101.0,-6.0,6.0,-1.0,2.0
684,2018-01-21,LAL,NYK,2018.0,127.0,107.0,2.0,-2.0,1.0,-1.0
685,2018-01-21,SAS,IND,2018.0,86.0,94.0,-6.0,6.0,0.0,1.0
686,2018-01-22,ATL,UTA,2018.0,104.0,90.0,2.5,-2.5,1.0,-1.0
687,2018-01-22,CHA,SAC,2018.0,112.0,107.0,-10.5,10.5,1.0,-3.0
688,2018-01-22,DAL,WAS,2018.0,98.0,75.0,2.5,-2.5,1.0,-3.0
689,2018-01-22,DEN,POR,2018.0,104.0,101.0,-3.0,3.0,-3.0,-1.0
690,2018-01-22,HOU,MIA,2018.0,99.0,90.0,-10.5,10.5,3.0,1.0
691,2018-01-22,LAC,MIN,2018.0,118.0,126.0,-2.0,2.0,3.0,1.0
692,2018-01-22,MEM,PHI,2018.0,105.0,101.0,3.0,-3.0,3.0,3.0
693,2018-01-22,MIL,PHO,2018.0,109.0,105.0,-5.5,5.5,-3.0,1.0
694,2018-01-22,NOP,CHI,2018.0,132.0,128.0,-6.5,6.5,1.0,5.0
695,2018-01-23,GSW,NYK,2018.0,123.0,112.0,-16.0,16.0,-1.0,-1.0
696,2018-01-23,LAL,BOS,2018.0,108.0,107.0,5.0,-5.0,1.0,-3.0
697,2018-01-23,OKC,BRK,2018.0,109.0,108.0,-9.5,9.5,1.0,2.0
698,2018-01-23,ORL,SAC,2018.0,99.0,105.0,-7.5,7.5,5.0,-1.0
699,2018-01-23,SAS,CLE,2018.0,114.0,102.0,2.5,-2.5,0.0,-5.0
700,2018-01-24,ATL,TOR,2018.0,93.0,108.0,6.5,-6.5,1.0,-3.0
701,2018-01-24,CHA,NOP,2018.0,96.0,101.0,-2.5,2.5,-1.0,-1.0
702,2018-01-24,DAL,HOU,2018.0,97.0,104.0,6.5,-6.5,1.0,1.0
703,2018-01-24,DET,UTA,2018.0,95.0,98.0,-2.5,2.5,-3.0,-1.0
704,2018-01-24,IND,PHO,2018.0,116.0,101.0,-6.5,6.5,1.0,1.0
705,2018-01-24,LAC,BOS,2018.0,102.0,113.0,-3.0,3.0,1.0,-3.0
706,2018-01-24,MEM,SAS,2018.0,85.0,108.0,1.5,-1.5,5.0,0.0
707,2018-01-24,PHI,CHI,2018.0,115.0,101.0,-6.0,6.0,1.0,5.0
708,2018-01-24,POR,MIN,2018.0,123.0,114.0,-3.5,3.5,0.0,1.0
709,2018-01-25,DEN,NYK,2018.0,130.0,118.0,-7.0,7.0,-4.0,1.0
710,2018-01-25,GSW,MIN,2018.0,126.0,113.0,-12.5,12.5,-3.0,-1.0
711,2018-01-25,MIA,SAC,2018.0,88.0,89.0,-9.5,9.5,1.0,1.0
712,2018-01-25,OKC,WAS,2018.0,121.0,112.0,-5.0,5.0,1.0,-3.0
713,2018-01-26,CHA,ATL,2018.0,121.0,110.0,-7.0,7.0,-1.0,1.0
714,2018-01-26,CHI,LAL,2018.0,103.0,108.0,-4.0,4.0,3.0,1.0
715,2018-01-26,CLE,IND,2018.0,115.0,108.0,-6.0,6.0,-5.0,1.0
716,2018-01-26,DAL,POR,2018.0,93.0,107.0,1.5,-1.5,-1.0,2.0
717,2018-01-26,MEM,LAC,2018.0,100.0,109.0,4.5,-4.5,3.0,-1.0
718,2018-01-26,MIL,BRK,2018.0,116.0,91.0,-6.0,6.0,-3.0,2.0
719,2018-01-26,NOP,HOU,2018.0,115.0,113.0,4.5,-4.5,-1.0,1.0
720,2018-01-26,PHO,NYK,2018.0,85.0,107.0,1.0,-1.0,1.0,-1.0
721,2018-01-26,SAS,PHI,2018.0,78.0,97.0,-4.0,4.0,2.0,3.0
722,2018-01-26,TOR,UTA,2018.0,93.0,97.0,-8.0,8.0,-3.0,1.0
723,2018-01-27,ATL,WAS,2018.0,104.0,129.0,3.5,-3.5,-1.0,-3.0
724,2018-01-27,DEN,DAL,2018.0,91.0,89.0,-8.0,8.0,-2.0,-1.0
725,2018-01-27,DET,OKC,2018.0,108.0,121.0,3.5,-3.5,-3.0,1.0
726,2018-01-27,GSW,BOS,2018.0,109.0,105.0,-10.5,10.5,-1.0,-3.0
727,2018-01-27,IND,ORL,2018.0,114.0,112.0,-6.5,6.5,-1.0,3.0
728,2018-01-27,MIA,CHA,2018.0,95.0,91.0,-4.0,4.0,1.0,-1.0
729,2018-01-27,MIN,BRK,2018.0,111.0,97.0,-11.0,11.0,-1.0,2.0
730,2018-01-28,CHI,MIL,2018.0,96.0,110.0,2.5,-2.5,1.0,-1.0
731,2018-01-28,CLE,DET,2018.0,121.0,104.0,-7.5,7.5,-3.0,-3.0
732,2018-01-28,HOU,PHO,2018.0,113.0,102.0,-14.5,14.5,1.0,1.0
733,2018-01-28,NOP,LAC,2018.0,103.0,112.0,-2.0,2.0,-1.0,-1.0
734,2018-01-28,OKC,PHI,2018.0,122.0,112.0,-3.0,3.0,3.0,3.0
735,2018-01-28,SAS,SAC,2018.0,113.0,98.0,-11.5,11.5,1.0,1.0
736,2018-01-28,TOR,LAL,2018.0,123.0,111.0,-10.5,10.5,-3.0,3.0
737,2018-01-29,ATL,MIN,2018.0,105.0,100.0,6.5,-6.5,-3.0,1.0
738,2018-01-29,DAL,MIA,2018.0,88.0,95.0,2.0,-2.0,-1.0,0.0
739,2018-01-29,DEN,BOS,2018.0,110.0,111.0,-1.0,1.0,-2.0,-1.0
740,2018-01-29,IND,CHA,2018.0,105.0,96.0,-2.0,2.0,-1.0,-2.0
741,2018-01-29,MEM,PHO,2018.0,120.0,109.0,-8.5,8.5,1.0,1.0
742,2018-01-29,MIL,PHI,2018.0,107.0,95.0,-6.5,6.5,-1.0,1.0
743,2018-01-30,DET,CLE,2018.0,125.0,114.0,6.0,-6.0,-5.0,-1.0
744,2018-01-30,HOU,ORL,2018.0,114.0,107.0,-13.0,13.0,-1.0,3.0
745,2018-01-30,LAC,POR,2018.0,96.0,104.0,2.5,-2.5,-1.0,4.0
746,2018-01-30,NOP,SAC,2018.0,103.0,114.0,-9.5,9.5,-1.0,1.0
747,2018-01-30,NYK,BRK,2018.0,111.0,95.0,-5.5,5.5,1.0,1.0
748,2018-01-30,SAS,DEN,2018.0,106.0,104.0,-6.5,6.5,1.0,-2.0
749,2018-01-30,TOR,MIN,2018.0,109.0,104.0,-6.5,6.5,-1.0,-1.0
750,2018-01-30,UTA,GSW,2018.0,129.0,99.0,7.5,-7.5,1.0,-3.0
751,2018-01-30,WAS,OKC,2018.0,102.0,96.0,3.5,-3.5,-1.0,3.0
752,2018-01-31,ATL,CHA,2018.0,110.0,123.0,2.5,-2.5,-1.0,-2.0
753,2018-01-31,BOS,NYK,2018.0,103.0,73.0,-5.5,5.5,1.0,1.0
754,2018-01-31,BRK,PHI,2018.0,116.0,108.0,8.0,-8.0,-1.0,-1.0
755,2018-01-31,CLE,MIA,2018.0,91.0,89.0,-2.5,2.5,-1.0,2.0
756,2018-01-31,IND,MEM,2018.0,105.0,101.0,-7.0,7.0,1.0,1.0
757,2018-01-31,ORL,LAL,2018.0,127.0,105.0,2.5,-2.5,3.0,3.0
758,2018-01-31,PHO,DAL,2018.0,102.0,88.0,2.5,-2.5,-1.0,-1.0
759,2018-01-31,POR,CHI,2018.0,124.0,108.0,-8.0,8.0,4.0,-1.0
760,2018-02-01,DEN,OKC,2018.0,127.0,124.0,1.5,-1.5,0.0,1.0
761,2018-02-01,DET,MEM,2018.0,104.0,102.0,-8.5,8.5,-3.0,1.0
762,2018-02-01,MIN,MIL,2018.0,108.0,89.0,-6.0,6.0,-1.0,1.0
763,2018-02-01,SAS,HOU,2018.0,91.0,102.0,2.5,-2.5,1.0,-3.0
764,2018-02-01,WAS,TOR,2018.0,122.0,119.0,4.0,-4.0,1.0,-1.0
765,2018-02-02,BOS,ATL,2018.0,119.0,110.0,-7.0,7.0,3.0,-3.0
766,2018-02-02,BRK,LAL,2018.0,99.0,102.0,-1.0,1.0,-1.0,1.0
767,2018-02-02,CHA,IND,2018.0,133.0,126.0,-3.5,3.5,0.0,-1.0
768,2018-02-02,MIL,NYK,2018.0,92.0,90.0,-4.5,4.5,1.0,1.0
769,2018-02-02,OKC,NOP,2018.0,100.0,114.0,-6.5,6.5,1.0,-1.0
770,2018-02-02,PHI,MIA,2018.0,103.0,97.0,-4.0,4.0,-1.0,2.0
771,2018-02-02,PHO,UTA,2018.0,97.0,129.0,6.0,-6.0,-1.0,3.0
772,2018-02-02,SAC,GSW,2018.0,104.0,119.0,14.0,-14.0,3.0,-3.0
773,2018-02-02,TOR,POR,2018.0,130.0,105.0,-4.5,4.5,-1.0,4.0
774,2018-02-03,CLE,HOU,2018.0,88.0,120.0,4.0,-4.0,-1.0,-1.0
775,2018-02-03,DEN,GSW,2018.0,115.0,108.0,5.0,-5.0,1.0,-1.0
776,2018-02-03,DET,MIA,2018.0,111.0,107.0,-4.5,4.5,-3.0,0.0
777,2018-02-03,IND,PHI,2018.0,100.0,92.0,-1.0,1.0,-3.0,-1.0
778,2018-02-03,LAC,CHI,2018.0,113.0,103.0,-8.5,8.5,-1.0,-3.0
779,2018-02-03,MIN,NOP,2018.0,118.0,107.0,-8.0,8.0,1.0,1.0
780,2018-02-03,ORL,WAS,2018.0,98.0,115.0,5.0,-5.0,3.0,1.0
781,2018-02-03,SAC,DAL,2018.0,99.0,106.0,4.5,-4.5,1.0,-3.0
782,2018-02-03,SAS,UTA,2018.0,111.0,120.0,-6.0,6.0,-1.0,3.0
783,2018-02-04,BOS,POR,2018.0,97.0,96.0,2.0,-2.0,5.0,3.0
784,2018-02-04,BRK,MIL,2018.0,94.0,109.0,4.5,-4.5,-3.0,1.0
785,2018-02-04,NYK,ATL,2018.0,96.0,99.0,-5.5,5.5,1.0,-3.0
786,2018-02-04,OKC,LAL,2018.0,104.0,108.0,-9.5,9.5,-1.0,1.0
787,2018-02-04,PHO,CHA,2018.0,110.0,115.0,6.5,-6.5,-1.0,2.0
788,2018-02-04,TOR,MEM,2018.0,101.0,86.0,-11.0,11.0,-1.0,1.0
789,2018-02-05,DEN,CHA,2018.0,121.0,104.0,-4.0,4.0,1.0,0.0
790,2018-02-05,DET,POR,2018.0,111.0,91.0,-2.5,2.5,-3.0,1.0
791,2018-02-05,IND,WAS,2018.0,102.0,111.0,3.5,-3.5,-1.0,3.0
792,2018-02-05,LAC,DAL,2018.0,104.0,101.0,-6.0,6.0,1.0,-1.0
793,2018-02-05,MIA,ORL,2018.0,109.0,111.0,-8.5,8.5,2.0,1.0
794,2018-02-05,NOP,UTA,2018.0,109.0,133.0,-1.0,1.0,-1.0,5.0
795,2018-02-05,SAC,CHI,2018.0,104.0,98.0,-2.5,2.5,-1.0,-5.0
796,2018-02-06,ATL,MEM,2018.0,108.0,82.0,-3.0,3.0,-1.0,1.0
797,2018-02-06,BRK,HOU,2018.0,113.0,123.0,11.0,-11.0,-3.0,-1.0
798,2018-02-06,GSW,OKC,2018.0,105.0,125.0,-10.0,10.0,-1.0,-3.0
799,2018-02-06,LAL,PHO,2018.0,112.0,93.0,-7.5,7.5,1.0,1.0
800,2018-02-06,NYK,MIL,2018.0,89.0,103.0,-1.5,1.5,1.0,1.0
801,2018-02-06,ORL,CLE,2018.0,116.0,98.0,6.5,-6.5,3.0,-1.0
802,2018-02-06,PHI,WAS,2018.0,115.0,102.0,-6.0,6.0,-3.0,5.0
803,2018-02-06,TOR,BOS,2018.0,111.0,91.0,-5.0,5.0,1.0,5.0
804,2018-02-07,CLE,MIN,2018.0,140.0,138.0,3.5,-3.5,-3.0,3.0
805,2018-02-07,DET,BRK,2018.0,115.0,106.0,-9.5,9.5,-1.0,-1.0
806,2018-02-07,MEM,UTA,2018.0,88.0,92.0,6.5,-6.5,1.0,5.0
807,2018-02-07,MIA,HOU,2018.0,101.0,109.0,4.5,-4.5,1.0,-1.0
808,2018-02-07,PHO,SAS,2018.0,81.0,129.0,10.5,-10.5,-1.0,-3.0
809,2018-02-08,GSW,DAL,2018.0,121.0,103.0,-14.5,14.5,-3.0,1.0
810,2018-02-08,LAL,OKC,2018.0,106.0,81.0,-1.0,1.0,1.0,-3.0
811,2018-02-08,ORL,ATL,2018.0,100.0,98.0,2.0,-2.0,3.0,1.0
812,2018-02-08,POR,CHA,2018.0,109.0,103.0,-3.0,3.0,-1.0,-1.0
813,2018-02-08,TOR,NYK,2018.0,113.0,88.0,-14.0,14.0,1.0,-1.0
814,2018-02-08,WAS,BOS,2018.0,104.0,110.0,2.0,-2.0,3.0,3.0
815,2018-02-09,ATL,CLE,2018.0,107.0,123.0,2.0,-2.0,-1.0,-3.0
816,2018-02-09,BOS,IND,2018.0,91.0,97.0,-4.0,4.0,3.0,-1.0
817,2018-02-09,CHI,MIN,2018.0,114.0,113.0,7.5,-7.5,-5.0,1.0
818,2018-02-09,DET,LAC,2018.0,95.0,108.0,-3.5,3.5,-1.0,1.0
819,2018-02-09,HOU,DEN,2018.0,130.0,104.0,-8.5,8.5,1.0,3.0
820,2018-02-09,MIA,MIL,2018.0,91.0,85.0,-1.0,1.0,-1.0,1.0
821,2018-02-09,PHI,NOP,2018.0,100.0,82.0,-5.5,5.5,-1.0,-3.0
822,2018-02-09,SAC,POR,2018.0,100.0,118.0,4.5,-4.5,-1.0,-1.0
823,2018-02-09,UTA,CHA,2018.0,106.0,94.0,-6.5,6.5,3.0,-1.0
824,2018-02-10,BRK,NOP,2018.0,128.0,138.0,2.5,-2.5,1.0,-3.0
825,2018-02-10,CHI,WAS,2018.0,90.0,101.0,5.5,-5.5,-3.0,1.0
826,2018-02-10,DAL,LAL,2018.0,130.0,123.0,-3.0,3.0,-1.0,3.0
827,2018-02-10,GSW,SAS,2018.0,122.0,105.0,-10.5,10.5,-1.0,-1.0
828,2018-02-10,ORL,MIL,2018.0,104.0,111.0,5.0,-5.0,3.0,-1.0
829,2018-02-10,PHI,LAC,2018.0,112.0,98.0,-5.0,5.0,1.0,1.0
830,2018-02-10,PHO,DEN,2018.0,113.0,123.0,7.0,-7.0,-1.0,3.0
831,2018-02-11,ATL,DET,2018.0,118.0,115.0,4.0,-4.0,-1.0,-3.0
832,2018-02-11,BOS,CLE,2018.0,99.0,121.0,-5.0,5.0,1.0,-1.0
833,2018-02-11,CHA,TOR,2018.0,103.0,123.0,3.5,-3.5,-3.0,3.0
834,2018-02-11,HOU,DAL,2018.0,104.0,97.0,-15.0,15.0,3.0,1.0
835,2018-02-11,IND,NYK,2018.0,121.0,113.0,-7.5,7.5,-1.0,-3.0
836,2018-02-11,MIN,SAC,2018.0,111.0,106.0,-13.5,13.5,1.0,-1.0
837,2018-02-11,OKC,MEM,2018.0,110.0,92.0,-4.5,4.5,-3.0,1.0
838,2018-02-11,POR,UTA,2018.0,96.0,115.0,-4.0,4.0,-1.0,3.0
839,2018-02-12,BRK,LAC,2018.0,101.0,114.0,4.5,-4.5,-1.0,-1.0
840,2018-02-12,CHI,ORL,2018.0,105.0,101.0,-5.0,5.0,-3.0,1.0
841,2018-02-12,DET,NOP,2018.0,103.0,118.0,-3.5,3.5,-3.0,-1.0
842,2018-02-12,GSW,PHO,2018.0,129.0,83.0,-16.0,16.0,1.0,-3.0
843,2018-02-12,PHI,NYK,2018.0,108.0,92.0,-11.5,11.5,3.0,-3.0
844,2018-02-12,UTA,SAS,2018.0,101.0,99.0,-4.0,4.0,3.0,-3.0
845,2018-02-13,DAL,SAC,2018.0,109.0,114.0,-7.0,7.0,3.0,-1.0
846,2018-02-13,DEN,SAS,2018.0,117.0,109.0,-7.0,7.0,3.0,-1.0
847,2018-02-13,MIL,ATL,2018.0,97.0,92.0,-7.5,7.5,1.0,1.0
848,2018-02-13,MIN,HOU,2018.0,108.0,126.0,3.5,-3.5,-1.0,1.0
849,2018-02-13,OKC,CLE,2018.0,112.0,120.0,-3.5,3.5,-1.0,1.0
850,2018-02-13,TOR,MIA,2018.0,115.0,112.0,-8.0,8.0,5.0,-1.0
851,2018-02-14,BOS,LAC,2018.0,119.0,129.0,-5.0,5.0,-1.0,1.0
852,2018-02-14,BRK,IND,2018.0,103.0,108.0,3.5,-3.5,-1.0,1.0
853,2018-02-14,CHI,TOR,2018.0,98.0,122.0,7.0,-7.0,-3.0,3.0
854,2018-02-14,DET,ATL,2018.0,104.0,98.0,-10.5,10.5,-3.0,1.0
855,2018-02-14,HOU,SAC,2018.0,100.0,91.0,-14.5,14.5,1.0,1.0
856,2018-02-14,MEM,OKC,2018.0,114.0,121.0,4.5,-4.5,-1.0,-1.0
857,2018-02-14,NOP,LAL,2018.0,139.0,117.0,-5.5,5.5,-1.0,3.0
858,2018-02-14,NYK,WAS,2018.0,113.0,118.0,4.5,-4.5,-5.0,1.0
859,2018-02-14,ORL,CHA,2018.0,102.0,104.0,6.0,-6.0,3.0,-5.0
860,2018-02-14,PHI,MIA,2018.0,104.0,102.0,-4.5,4.5,3.0,1.0
861,2018-02-14,POR,GSW,2018.0,123.0,117.0,7.0,-7.0,-1.0,1.0
862,2018-02-14,UTA,PHO,2018.0,107.0,97.0,-11.0,11.0,1.0,-3.0
863,2018-02-15,MIL,DEN,2018.0,123.0,134.0,-2.0,2.0,1.0,3.0
864,2018-02-15,MIN,LAL,2018.0,119.0,111.0,-10.0,10.0,-3.0,1.0
865,2018-02-22,CHA,BRK,2018.0,111.0,96.0,-8.5,8.5,-5.0,-1.0
866,2018-02-22,CHI,PHI,2018.0,115.0,116.0,7.5,-7.5,-3.0,3.0
867,2018-02-22,CLE,WAS,2018.0,103.0,110.0,-6.5,6.5,3.0,1.0
868,2018-02-22,GSW,LAC,2018.0,134.0,127.0,-10.5,10.5,1.0,1.0
869,2018-02-22,ORL,NYK,2018.0,113.0,120.0,-3.5,3.5,3.0,-5.0
870,2018-02-22,SAC,OKC,2018.0,107.0,110.0,8.0,-8.0,3.0,1.0
871,2018-02-23,DEN,SAS,2018.0,122.0,119.0,-4.0,4.0,3.0,-1.0
872,2018-02-23,DET,BOS,2018.0,98.0,110.0,2.5,-2.5,-5.0,-3.0
873,2018-02-23,HOU,MIN,2018.0,120.0,102.0,-7.5,7.5,1.0,-5.0
874,2018-02-23,IND,ATL,2018.0,116.0,93.0,-7.0,7.0,3.0,1.0
875,2018-02-23,LAL,DAL,2018.0,124.0,102.0,-4.5,4.5,1.0,1.0
876,2018-02-23,MEM,CLE,2018.0,89.0,112.0,5.0,-5.0,-3.0,3.0
877,2018-02-23,NOP,MIA,2018.0,124.0,123.0,-2.0,2.0,1.0,1.0
878,2018-02-23,PHO,LAC,2018.0,117.0,128.0,5.5,-5.5,-3.0,3.0
879,2018-02-23,TOR,MIL,2018.0,119.0,122.0,-7.0,7.0,3.0,-1.0
880,2018-02-23,UTA,POR,2018.0,81.0,100.0,-4.5,4.5,-1.0,1.0
881,2018-02-23,WAS,CHA,2018.0,105.0,122.0,-3.5,3.5,1.0,-3.0
882,2018-02-24,GSW,OKC,2018.0,112.0,80.0,-10.0,10.0,1.0,-1.0
883,2018-02-24,MIA,MEM,2018.0,115.0,89.0,-9.5,9.5,3.0,-3.0
884,2018-02-24,MIN,CHI,2018.0,122.0,104.0,-7.5,7.5,-5.0,-1.0
885,2018-02-24,NYK,BOS,2018.0,112.0,121.0,6.0,-6.0,-3.0,-1.0
886,2018-02-24,PHI,ORL,2018.0,116.0,105.0,-10.0,10.0,1.0,1.0
887,2018-02-24,PHO,POR,2018.0,104.0,106.0,6.5,-6.5,-3.0,3.0
888,2018-02-24,SAC,LAL,2018.0,108.0,113.0,2.0,-2.0,3.0,1.0
889,2018-02-24,UTA,DAL,2018.0,97.0,90.0,-10.5,10.5,-1.0,-1.0
890,2018-02-25,CHA,DET,2018.0,114.0,98.0,-4.5,4.5,-1.0,-5.0
891,2018-02-25,CLE,SAS,2018.0,94.0,110.0,-4.5,4.5,3.0,1.0
892,2018-02-25,DEN,HOU,2018.0,114.0,119.0,4.5,-4.5,1.0,1.0
893,2018-02-25,MIL,NOP,2018.0,121.0,123.0,-4.5,4.5,-1.0,1.0
894,2018-02-25,WAS,PHI,2018.0,109.0,94.0,-1.5,1.5,1.0,1.0
895,2018-02-26,ATL,LAL,2018.0,104.0,123.0,2.0,-2.0,1.0,1.0
896,2018-02-26,BOS,MEM,2018.0,109.0,98.0,-11.5,11.5,-1.0,-3.0
897,2018-02-26,BRK,CHI,2018.0,104.0,87.0,-4.5,4.5,-3.0,-3.0
898,2018-02-26,DAL,IND,2018.0,109.0,103.0,3.0,-3.0,1.0,3.0
899,2018-02-26,NOP,PHO,2018.0,125.0,116.0,-7.0,7.0,3.0,-1.0
900,2018-02-26,NYK,GSW,2018.0,111.0,125.0,12.5,-12.5,-3.0,1.0
901,2018-02-26,OKC,ORL,2018.0,112.0,105.0,-10.0,10.0,-1.0,-1.0
902,2018-02-26,SAC,MIN,2018.0,100.0,118.0,5.0,-5.0,3.0,-3.0
903,2018-02-26,TOR,DET,2018.0,123.0,94.0,-10.0,10.0,1.0,-5.0
904,2018-02-26,UTA,HOU,2018.0,85.0,96.0,1.5,-1.5,-3.0,1.0
905,2018-02-27,CHA,CHI,2018.0,118.0,103.0,-11.0,11.0,1.0,-3.0
906,2018-02-27,CLE,BRK,2018.0,129.0,123.0,-10.5,10.5,1.0,-3.0
907,2018-02-27,DEN,LAC,2018.0,120.0,122.0,-5.5,5.5,1.0,3.0
908,2018-02-27,MIA,PHI,2018.0,102.0,101.0,-1.0,1.0,5.0,-1.0
909,2018-02-27,MIL,WAS,2018.0,104.0,107.0,-3.0,3.0,-1.0,3.0
910,2018-02-27,POR,SAC,2018.0,116.0,99.0,-12.5,12.5,1.0,1.0
911,2018-02-28,ATL,IND,2018.0,107.0,102.0,4.5,-4.5,1.0,3.0
912,2018-02-28,BOS,CHA,2018.0,134.0,106.0,-7.5,7.5,-1.0,3.0
913,2018-02-28,DAL,OKC,2018.0,110.0,111.0,5.0,-5.0,1.0,-3.0
914,2018-02-28,DET,MIL,2018.0,110.0,87.0,-1.0,1.0,-5.0,-3.0
915,2018-02-28,LAC,HOU,2018.0,92.0,105.0,8.5,-8.5,5.0,3.0
916,2018-02-28,MEM,PHO,2018.0,102.0,110.0,-3.0,3.0,-3.0,-1.0
917,2018-02-28,ORL,TOR,2018.0,104.0,117.0,9.0,-9.0,1.0,1.0
918,2018-02-28,SAS,NOP,2018.0,116.0,121.0,-4.5,4.5,1.0,3.0
919,2018-02-28,WAS,GSW,2018.0,101.0,109.0,8.5,-8.5,3.0,1.0
920,2018-03-01,CLE,PHI,2018.0,97.0,108.0,-3.0,3.0,-1.0,-2.0
921,2018-03-01,MIA,LAL,2018.0,113.0,131.0,-5.5,5.5,4.0,3.0
922,2018-03-01,POR,MIN,2018.0,108.0,99.0,-5.5,5.5,1.0,-1.0
923,2018-03-01,SAC,BRK,2018.0,116.0,111.0,2.5,-2.5,-1.0,-1.0
924,2018-03-02,ATL,GSW,2018.0,109.0,114.0,13.0,-13.0,1.0,-1.0
925,2018-03-02,CHI,DAL,2018.0,108.0,100.0,2.5,-2.5,-3.0,1.0
926,2018-03-02,LAC,NYK,2018.0,128.0,105.0,-9.0,9.0,3.0,-3.0
927,2018-03-02,MEM,DEN,2018.0,102.0,108.0,9.0,-9.0,-3.0,-1.0
928,2018-03-02,MIL,IND,2018.0,96.0,103.0,-3.5,3.5,-3.0,1.0
929,2018-03-02,ORL,DET,2018.0,115.0,106.0,2.5,-2.5,-1.0,-3.0
930,2018-03-02,PHI,CHA,2018.0,110.0,99.0,-3.5,3.5,0.0,3.0
931,2018-03-02,PHO,OKC,2018.0,116.0,124.0,7.5,-7.5,1.0,-3.0
932,2018-03-02,UTA,MIN,2018.0,116.0,108.0,-7.5,7.5,-5.0,-1.0
933,2018-03-02,WAS,TOR,2018.0,95.0,102.0,3.5,-3.5,3.0,1.0
934,2018-03-03,CLE,DEN,2018.0,117.0,126.0,-4.5,4.5,-3.0,-3.0
935,2018-03-03,HOU,BOS,2018.0,123.0,120.0,-8.5,8.5,3.0,1.0
936,2018-03-03,MIA,DET,2018.0,105.0,96.0,-5.0,5.0,2.0,-3.0
937,2018-03-03,ORL,MEM,2018.0,107.0,100.0,-6.5,6.5,-1.0,-1.0
938,2018-03-03,POR,OKC,2018.0,108.0,100.0,-4.5,4.5,3.0,-3.0
939,2018-03-03,SAC,UTA,2018.0,91.0,98.0,7.0,-7.0,-1.0,-3.0
940,2018-03-03,SAS,LAL,2018.0,112.0,116.0,-5.5,5.5,1.0,5.0
941,2018-03-04,ATL,PHO,2018.0,113.0,112.0,-1.5,1.5,1.0,-1.0
942,2018-03-04,DAL,NOP,2018.0,109.0,126.0,3.5,-3.5,1.0,3.0
943,2018-03-04,LAC,BRK,2018.0,123.0,120.0,-7.0,7.0,3.0,-1.0
944,2018-03-04,MIL,PHI,2018.0,118.0,110.0,1.5,-1.5,-3.0,2.0
945,2018-03-04,SAC,NYK,2018.0,102.0,99.0,3.0,-3.0,-2.0,-3.0
946,2018-03-04,TOR,CHA,2018.0,103.0,98.0,-8.5,8.5,3.0,1.0
947,2018-03-04,WAS,IND,2018.0,95.0,98.0,-4.0,4.0,1.0,1.0
948,2018-03-05,CHI,BOS,2018.0,89.0,105.0,7.0,-7.0,-1.0,3.0
949,2018-03-05,CLE,DET,2018.0,112.0,90.0,-6.0,6.0,-3.0,-3.0
950,2018-03-05,IND,MIL,2018.0,92.0,89.0,-2.5,2.5,1.0,-3.0
951,2018-03-05,LAL,POR,2018.0,103.0,108.0,2.0,-2.0,5.0,3.0
952,2018-03-05,MIA,PHO,2018.0,125.0,103.0,-9.5,9.5,2.0,1.0
953,2018-03-05,SAS,MEM,2018.0,100.0,98.0,-12.5,12.5,-1.0,-1.0
954,2018-03-05,UTA,ORL,2018.0,94.0,80.0,-9.0,9.0,-2.0,1.0
955,2018-03-06,CHA,PHI,2018.0,114.0,128.0,1.5,-1.5,1.0,0.0
956,2018-03-06,DAL,DEN,2018.0,118.0,107.0,6.5,-6.5,1.0,-3.0
957,2018-03-06,GSW,BRK,2018.0,114.0,101.0,-15.0,15.0,-1.0,1.0
958,2018-03-06,LAC,NOP,2018.0,116.0,121.0,-2.5,2.5,1.0,3.0
959,2018-03-06,OKC,HOU,2018.0,112.0,122.0,5.5,-5.5,-3.0,3.0
960,2018-03-06,POR,NYK,2018.0,111.0,87.0,-9.5,9.5,3.0,-3.0
961,2018-03-06,TOR,ATL,2018.0,106.0,90.0,-12.5,12.5,1.0,-1.0
962,2018-03-06,WAS,MIA,2018.0,117.0,113.0,-4.0,4.0,1.0,2.0
963,2018-03-07,CHI,MEM,2018.0,119.0,110.0,-3.5,3.5,-3.0,1.0
964,2018-03-07,DEN,CLE,2018.0,108.0,113.0,-3.5,3.5,-3.0,-3.0
965,2018-03-07,DET,TOR,2018.0,119.0,121.0,5.5,-5.5,-3.0,3.0
966,2018-03-07,IND,UTA,2018.0,84.0,104.0,1.5,-1.5,1.0,0.0
967,2018-03-07,LAL,ORL,2018.0,108.0,107.0,-6.5,6.5,3.0,1.0
968,2018-03-07,MIL,HOU,2018.0,99.0,110.0,5.5,-5.5,-3.0,3.0
969,2018-03-07,SAC,NOP,2018.0,101.0,114.0,5.5,-5.5,0.0,5.0
970,2018-03-08,CHA,BRK,2018.0,111.0,125.0,-7.0,7.0,-1.0,3.0
971,2018-03-08,GSW,SAS,2018.0,110.0,107.0,-11.0,11.0,-1.0,-1.0
972,2018-03-08,MIA,PHI,2018.0,108.0,99.0,-1.0,1.0,1.0,2.0
973,2018-03-08,MIN,BOS,2018.0,109.0,117.0,2.5,-2.5,-1.0,3.0
974,2018-03-08,OKC,PHO,2018.0,115.0,87.0,-11.0,11.0,-3.0,-1.0
975,2018-03-09,DEN,LAL,2018.0,125.0,116.0,-7.0,7.0,-3.0,1.0
976,2018-03-09,DET,CHI,2018.0,99.0,83.0,-7.5,7.5,-1.0,-1.0
977,2018-03-09,IND,ATL,2018.0,112.0,87.0,-8.5,8.5,1.0,-1.0
978,2018-03-09,LAC,CLE,2018.0,116.0,102.0,1.0,-1.0,-1.0,-1.0
979,2018-03-09,MEM,UTA,2018.0,78.0,95.0,10.0,-10.0,-1.0,2.0
980,2018-03-09,MIL,NYK,2018.0,120.0,112.0,-9.5,9.5,-3.0,-5.0
981,2018-03-09,NOP,WAS,2018.0,97.0,116.0,3.5,-3.5,5.0,0.0
982,2018-03-09,POR,GSW,2018.0,125.0,108.0,-1.5,1.5,5.0,-3.0
983,2018-03-09,SAC,ORL,2018.0,94.0,88.0,-3.0,3.0,0.0,1.0
984,2018-03-09,TOR,HOU,2018.0,108.0,105.0,3.0,-3.0,1.0,3.0
985,2018-03-10,CHA,PHO,2018.0,122.0,115.0,-13.0,13.0,-3.0,-1.0
986,2018-03-10,DAL,MEM,2018.0,114.0,80.0,-9.5,9.5,1.0,-1.0
987,2018-03-10,LAC,ORL,2018.0,113.0,105.0,-11.5,11.5,-1.0,1.0
988,2018-03-10,MIA,WAS,2018.0,129.0,102.0,-4.0,4.0,2.0,0.0
989,2018-03-10,OKC,SAS,2018.0,104.0,94.0,-4.0,4.0,-1.0,-1.0
990,2018-03-11,ATL,CHI,2018.0,122.0,129.0,-2.0,2.0,-1.0,-1.0
991,2018-03-11,BOS,IND,2018.0,97.0,99.0,-4.5,4.5,3.0,3.0
992,2018-03-11,BRK,PHI,2018.0,97.0,120.0,5.5,-5.5,3.0,1.0
993,2018-03-11,DAL,HOU,2018.0,82.0,105.0,10.5,-10.5,1.0,1.0
994,2018-03-11,DEN,SAC,2018.0,130.0,104.0,-11.5,11.5,-1.0,2.0
995,2018-03-11,LAL,CLE,2018.0,127.0,113.0,2.0,-2.0,-1.0,-1.0
996,2018-03-11,MIN,GSW,2018.0,109.0,103.0,3.5,-3.5,-1.0,-5.0
997,2018-03-11,NOP,UTA,2018.0,99.0,116.0,1.5,-1.5,3.0,4.0
998,2018-03-11,NYK,TOR,2018.0,106.0,132.0,10.0,-10.0,-3.0,1.0
999,2018-03-12,HOU,SAS,2018.0,109.0,93.0,-11.5,11.5,1.0,-3.0
1000,2018-03-12,MEM,MIL,2018.0,103.0,121.0,7.5,-7.5,-3.0,-3.0
1001,2018-03-12,OKC,SAC,2018.0,106.0,101.0,-13.5,13.5,1.0,0.0
1002,2018-03-12,POR,MIA,2018.0,115.0,99.0,-6.0,6.0,5.0,4.0
1003,2018-03-13,ATL,OKC,2018.0,107.0,119.0,6.0,-6.0,-3.0,-1.0
1004,2018-03-13,BRK,TOR,2018.0,102.0,116.0,9.0,-9.0,1.0,1.0
1005,2018-03-13,CHI,LAC,2018.0,106.0,112.0,7.5,-7.5,1.0,-1.0
1006,2018-03-13,LAL,DEN,2018.0,112.0,103.0,2.5,-2.5,-1.0,1.0
1007,2018-03-13,NOP,CHA,2018.0,119.0,115.0,-5.0,5.0,1.0,-3.0
1008,2018-03-13,NYK,DAL,2018.0,97.0,110.0,-1.0,1.0,-3.0,-1.0
1009,2018-03-13,PHI,IND,2018.0,98.0,101.0,-6.5,6.5,1.0,3.0
1010,2018-03-13,PHO,CLE,2018.0,107.0,129.0,8.0,-8.0,-1.0,-1.0
1011,2018-03-13,SAS,ORL,2018.0,108.0,72.0,-10.5,10.5,-3.0,1.0
1012,2018-03-13,UTA,DET,2018.0,110.0,79.0,-8.5,8.5,4.0,-1.0
1013,2018-03-13,WAS,MIN,2018.0,111.0,116.0,-3.5,3.5,-2.0,-1.0
1014,2018-03-14,BOS,WAS,2018.0,124.0,125.0,4.0,-4.0,3.0,-2.0
1015,2018-03-14,GSW,LAL,2018.0,117.0,106.0,-6.0,6.0,-5.0,-1.0
1016,2018-03-14,ORL,MIL,2018.0,126.0,117.0,10.0,-10.0,-1.0,-1.0
1017,2018-03-14,SAC,MIA,2018.0,123.0,119.0,7.0,-7.0,1.0,2.0
1018,2018-03-15,ATL,CHA,2018.0,117.0,129.0,5.5,-5.5,-5.0,-1.0
1019,2018-03-15,DEN,DET,2018.0,120.0,113.0,-8.5,8.5,-1.0,-1.0
1020,2018-03-15,HOU,LAC,2018.0,101.0,96.0,-11.0,11.0,3.0,-3.0
1021,2018-03-15,IND,TOR,2018.0,99.0,106.0,4.0,-4.0,3.0,3.0
1022,2018-03-15,MEM,CHI,2018.0,110.0,111.0,-2.5,2.5,-3.0,1.0
1023,2018-03-15,NYK,PHI,2018.0,110.0,118.0,10.0,-10.0,-3.0,-1.0
1024,2018-03-15,POR,CLE,2018.0,113.0,105.0,-6.0,6.0,5.0,1.0
1025,2018-03-15,SAS,NOP,2018.0,98.0,93.0,-4.5,4.5,-1.0,-1.0
1026,2018-03-15,UTA,PHO,2018.0,116.0,88.0,-14.0,14.0,5.0,-1.0
1027,2018-03-16,GSW,SAC,2018.0,93.0,98.0,-8.5,8.5,-3.0,1.0
1028,2018-03-16,LAL,MIA,2018.0,91.0,92.0,-2.5,2.5,-1.0,0.0
1029,2018-03-16,OKC,LAC,2018.0,121.0,113.0,-6.0,6.0,1.0,-1.0
1030,2018-03-16,ORL,BOS,2018.0,83.0,92.0,6.5,-6.5,1.0,3.0
1031,2018-03-16,PHI,BRK,2018.0,120.0,116.0,-8.5,8.5,-1.0,1.0
1032,2018-03-16,TOR,DAL,2018.0,122.0,115.0,-10.0,10.0,3.0,1.0
1033,2018-03-17,BRK,DAL,2018.0,114.0,106.0,-4.5,4.5,1.0,3.0
1034,2018-03-17,CHI,CLE,2018.0,109.0,114.0,7.0,-7.0,3.0,-1.0
1035,2018-03-17,MEM,DEN,2018.0,101.0,94.0,7.0,-7.0,-5.0,-1.0
1036,2018-03-17,MIL,ATL,2018.0,122.0,117.0,-10.5,10.5,-3.0,-5.0
1037,2018-03-17,NOP,HOU,2018.0,101.0,107.0,8.5,-8.5,-3.0,1.0
1038,2018-03-17,NYK,CHA,2018.0,124.0,101.0,6.5,-6.5,-1.0,-1.0
1039,2018-03-17,PHO,GSW,2018.0,109.0,124.0,5.0,-5.0,-3.0,-3.0
1040,2018-03-17,POR,DET,2018.0,100.0,87.0,-9.0,9.0,5.0,1.0
1041,2018-03-17,SAS,MIN,2018.0,117.0,101.0,-4.5,4.5,1.0,-1.0
1042,2018-03-17,UTA,SAC,2018.0,103.0,97.0,-15.5,15.5,5.0,3.0
1043,2018-03-17,WAS,IND,2018.0,109.0,102.0,-4.5,4.5,-2.0,1.0
1044,2018-03-18,LAC,POR,2018.0,109.0,122.0,-1.0,1.0,-1.0,5.0
1045,2018-03-18,MIN,HOU,2018.0,120.0,129.0,7.0,-7.0,-1.0,-1.0
1046,2018-03-18,NOP,BOS,2018.0,108.0,89.0,-3.0,3.0,-3.0,3.0
1047,2018-03-18,TOR,OKC,2018.0,125.0,132.0,-6.0,6.0,3.0,3.0
1048,2018-03-19,BRK,MEM,2018.0,118.0,115.0,-8.0,8.0,1.0,-3.0
1049,2018-03-19,CLE,MIL,2018.0,124.0,117.0,-2.5,2.5,-3.0,-3.0
1050,2018-03-19,IND,LAL,2018.0,110.0,100.0,-5.0,5.0,1.0,-1.0
1051,2018-03-19,MIA,DEN,2018.0,149.0,141.0,-1.5,1.5,1.0,-1.0
1052,2018-03-19,NYK,CHI,2018.0,110.0,92.0,-5.0,5.0,1.0,3.0
1053,2018-03-19,PHI,CHA,2018.0,108.0,94.0,-8.5,8.5,-3.0,-1.0
1054,2018-03-19,SAC,DET,2018.0,90.0,106.0,3.5,-3.5,3.0,1.0
1055,2018-03-19,SAS,GSW,2018.0,89.0,75.0,-8.0,8.0,1.0,-1.0
1056,2018-03-20,BOS,OKC,2018.0,100.0,99.0,5.0,-5.0,1.0,3.0
1057,2018-03-20,MIN,LAC,2018.0,123.0,109.0,-3.5,3.5,-1.0,-3.0
1058,2018-03-20,NOP,DAL,2018.0,115.0,105.0,-6.5,6.5,-1.0,1.0
1059,2018-03-20,ORL,TOR,2018.0,86.0,93.0,9.0,-9.0,-1.0,1.0
1060,2018-03-20,PHO,DET,2018.0,88.0,115.0,7.5,-7.5,-3.0,1.0
1061,2018-03-20,POR,HOU,2018.0,111.0,115.0,4.0,-4.0,5.0,1.0
1062,2018-03-20,UTA,ATL,2018.0,94.0,99.0,-14.0,14.0,3.0,-3.0
1063,2018-03-21,BRK,CHA,2018.0,105.0,111.0,1.0,-1.0,-1.0,-1.0
1064,2018-03-21,CHI,DEN,2018.0,102.0,135.0,9.0,-9.0,3.0,-3.0
1065,2018-03-21,CLE,TOR,2018.0,132.0,129.0,2.0,-2.0,-1.0,-1.0
1066,2018-03-21,MIA,NYK,2018.0,119.0,98.0,-9.5,9.5,1.0,1.0
1067,2018-03-21,MIL,LAC,2018.0,120.0,127.0,-5.5,5.5,-3.0,-3.0
1068,2018-03-21,NOP,IND,2018.0,96.0,92.0,-1.0,1.0,1.0,1.0
1069,2018-03-21,PHI,MEM,2018.0,119.0,105.0,-12.5,12.5,-1.0,-1.0
1070,2018-03-21,SAS,WAS,2018.0,98.0,90.0,-5.5,5.5,3.0,-1.0
1071,2018-03-22,CHA,MEM,2018.0,140.0,79.0,-8.0,8.0,1.0,-1.0
1072,2018-03-22,DAL,UTA,2018.0,112.0,119.0,8.5,-8.5,-1.0,1.0
1073,2018-03-22,HOU,DET,2018.0,100.0,96.0,-10.5,10.5,0.0,1.0
1074,2018-03-22,NOP,LAL,2018.0,128.0,125.0,-2.5,2.5,3.0,-1.0
1075,2018-03-22,ORL,PHI,2018.0,98.0,118.0,8.0,-8.0,1.0,-1.0
1076,2018-03-22,SAC,ATL,2018.0,105.0,90.0,-3.5,3.5,3.0,-1.0
1077,2018-03-23,CHI,MIL,2018.0,105.0,118.0,4.5,-4.5,1.0,-3.0
1078,2018-03-23,CLE,PHO,2018.0,120.0,95.0,-15.0,15.0,1.0,-3.0
1079,2018-03-23,GSW,ATL,2018.0,106.0,94.0,-11.5,11.5,-1.0,-1.0
1080,2018-03-23,IND,LAC,2018.0,109.0,104.0,-3.5,3.5,-1.0,-1.0
1081,2018-03-23,NYK,MIN,2018.0,104.0,108.0,6.0,-6.0,1.0,1.0
1082,2018-03-23,OKC,MIA,2018.0,105.0,99.0,-6.0,6.0,1.0,1.0
1083,2018-03-23,POR,BOS,2018.0,100.0,105.0,-7.5,7.5,4.0,1.0
1084,2018-03-23,SAS,UTA,2018.0,124.0,120.0,-3.0,3.0,5.0,-1.0
1085,2018-03-23,TOR,BRK,2018.0,116.0,112.0,-11.0,11.0,-3.0,-1.0
1086,2018-03-23,WAS,DEN,2018.0,100.0,108.0,-1.5,1.5,-3.0,-3.0
1087,2018-03-24,DAL,CHA,2018.0,98.0,102.0,2.5,-2.5,1.0,1.0
1088,2018-03-24,DET,CHI,2018.0,117.0,95.0,-13.0,13.0,3.0,-1.0
1089,2018-03-24,HOU,NOP,2018.0,114.0,91.0,-8.0,8.0,-2.0,5.0
1090,2018-03-24,MEM,LAL,2018.0,93.0,100.0,6.0,-6.0,-1.0,-3.0
1091,2018-03-24,ORL,PHO,2018.0,105.0,99.0,-7.5,7.5,-1.0,-5.0
1092,2018-03-24,PHI,MIN,2018.0,120.0,108.0,-8.0,8.0,1.0,-1.0
1093,2018-03-25,BRK,CLE,2018.0,114.0,121.0,6.5,-6.5,1.0,1.0
1094,2018-03-25,GSW,UTA,2018.0,91.0,110.0,9.0,-9.0,1.0,-3.0
1095,2018-03-25,HOU,ATL,2018.0,118.0,99.0,-13.5,13.5,0.0,-1.0
1096,2018-03-25,IND,MIA,2018.0,113.0,107.0,-3.5,3.5,-1.0,2.0
1097,2018-03-25,MIL,SAS,2018.0,106.0,103.0,2.0,-2.0,-3.0,5.0
1098,2018-03-25,OKC,POR,2018.0,105.0,108.0,-4.0,4.0,2.0,2.0
1099,2018-03-25,SAC,BOS,2018.0,93.0,104.0,6.5,-6.5,3.0,3.0
1100,2018-03-25,TOR,LAC,2018.0,106.0,117.0,-8.5,8.5,-5.0,-3.0
1101,2018-03-25,WAS,NYK,2018.0,97.0,101.0,-10.5,10.5,-3.0,3.0
1102,2018-03-26,CHA,NYK,2018.0,137.0,128.0,-11.0,11.0,1.0,3.0
1103,2018-03-26,DET,LAL,2018.0,112.0,106.0,-5.0,5.0,3.0,-3.0
1104,2018-03-26,MIN,MEM,2018.0,93.0,101.0,-13.0,13.0,-3.0,-1.0
1105,2018-03-26,PHI,DEN,2018.0,123.0,104.0,-5.0,5.0,3.0,-1.0
1106,2018-03-26,PHO,BOS,2018.0,94.0,102.0,10.0,-10.0,-3.0,3.0
1107,2018-03-27,GSW,IND,2018.0,81.0,92.0,8.0,-8.0,-1.0,1.0
1108,2018-03-27,HOU,CHI,2018.0,118.0,86.0,-13.0,13.0,2.0,-3.0
1109,2018-03-27,LAC,MIL,2018.0,105.0,98.0,-3.0,3.0,-1.0,-1.0
1110,2018-03-27,MIA,CLE,2018.0,98.0,79.0,2.0,-2.0,2.0,3.0
1111,2018-03-27,NOP,POR,2018.0,103.0,107.0,1.0,-1.0,3.0,2.0
1112,2018-03-27,SAC,DAL,2018.0,97.0,103.0,-2.5,2.5,1.0,-1.0
1113,2018-03-27,TOR,DEN,2018.0,114.0,110.0,-8.0,8.0,-5.0,-1.0
1114,2018-03-27,WAS,SAS,2018.0,116.0,106.0,2.0,-2.0,-3.0,3.0
1115,2018-03-28,CHA,CLE,2018.0,105.0,118.0,-2.0,2.0,1.0,3.0
1116,2018-03-28,LAL,DAL,2018.0,103.0,93.0,-8.5,8.5,-3.0,-1.0
1117,2018-03-28,MEM,POR,2018.0,108.0,103.0,5.5,-5.5,-1.0,2.0
1118,2018-03-28,MIN,ATL,2018.0,126.0,114.0,-12.0,12.0,-3.0,-1.0
1119,2018-03-28,ORL,BRK,2018.0,104.0,111.0,2.5,-2.5,-1.0,-1.0
1120,2018-03-28,PHI,NYK,2018.0,118.0,101.0,-13.5,13.5,5.0,3.0
1121,2018-03-28,PHO,LAC,2018.0,99.0,111.0,11.0,-11.0,-1.0,1.0
1122,2018-03-28,UTA,BOS,2018.0,94.0,97.0,-10.5,10.5,-3.0,1.0
1123,2018-03-29,DET,WAS,2018.0,103.0,92.0,2.5,-2.5,5.0,-1.0
1124,2018-03-29,GSW,MIL,2018.0,107.0,116.0,-4.0,4.0,-1.0,-1.0
1125,2018-03-29,MIA,CHI,2018.0,103.0,92.0,-13.0,13.0,2.0,-5.0
1126,2018-03-29,SAC,IND,2018.0,103.0,106.0,8.0,-8.0,-1.0,3.0
1127,2018-03-29,SAS,OKC,2018.0,103.0,99.0,-1.5,1.5,1.0,0.0
1128,2018-03-30,ATL,PHI,2018.0,91.0,101.0,8.0,-8.0,-2.0,5.0
1129,2018-03-30,CLE,NOP,2018.0,107.0,102.0,-4.5,4.5,3.0,1.0
1130,2018-03-30,DAL,MIN,2018.0,92.0,93.0,6.0,-6.0,-1.0,-2.0
1131,2018-03-30,HOU,PHO,2018.0,104.0,103.0,-17.5,17.5,2.0,-1.0
1132,2018-03-30,LAL,MIL,2018.0,122.0,124.0,1.5,-1.5,-1.0,1.0
1133,2018-03-30,OKC,DEN,2018.0,125.0,126.0,-4.0,4.0,-2.0,1.0
1134,2018-03-30,ORL,CHI,2018.0,82.0,90.0,-6.0,6.0,-3.0,-3.0
1135,2018-03-30,POR,LAC,2018.0,105.0,96.0,-6.0,6.0,0.0,3.0
1136,2018-03-30,UTA,MEM,2018.0,107.0,97.0,-14.5,14.5,-3.0,-1.0
1137,2018-03-31,BOS,TOR,2018.0,110.0,99.0,4.5,-4.5,3.0,-5.0
1138,2018-03-31,MIA,BRK,2018.0,109.0,110.0,-8.0,8.0,0.0,-1.0
1139,2018-03-31,NYK,DET,2018.0,109.0,115.0,4.5,-4.5,1.0,5.0
1140,2018-03-31,SAC,GSW,2018.0,96.0,112.0,9.0,-9.0,-1.0,-3.0
1141,2018-03-31,WAS,CHA,2018.0,107.0,93.0,-6.5,6.5,-3.0,1.0
1142,2018-04-01,ATL,ORL,2018.0,94.0,88.0,-1.5,1.5,-4.0,-3.0
1143,2018-04-01,BRK,DET,2018.0,96.0,108.0,0.0,0.0,1.0,5.0
1144,2018-04-01,CHA,PHI,2018.0,102.0,119.0,2.5,-2.5,-1.0,5.0
1145,2018-04-01,CHI,WAS,2018.0,113.0,94.0,7.5,-7.5,-1.0,-1.0
1146,2018-04-01,CLE,DAL,2018.0,98.0,87.0,-10.5,10.5,3.0,1.0
1147,2018-04-01,DEN,MIL,2018.0,128.0,125.0,-5.5,5.5,3.0,3.0
1148,2018-04-01,GSW,PHO,2018.0,117.0,107.0,-15.0,15.0,-1.0,1.0
1149,2018-04-01,LAC,IND,2018.0,104.0,111.0,-3.0,3.0,1.0,1.0
1150,2018-04-01,LAL,SAC,2018.0,83.0,84.0,-7.5,7.5,-1.0,-1.0
1151,2018-04-01,MIN,UTA,2018.0,97.0,121.0,2.5,-2.5,-4.0,-3.0
1152,2018-04-01,NOP,OKC,2018.0,104.0,109.0,1.0,-1.0,-1.0,-4.0
1153,2018-04-01,POR,MEM,2018.0,113.0,98.0,-15.0,15.0,1.0,1.0
1154,2018-04-01,SAS,HOU,2018.0,100.0,83.0,-1.0,1.0,1.0,1.0
1155,2018-04-03,CHI,CHA,2018.0,120.0,114.0,5.5,-5.5,1.0,-3.0
1156,2018-04-03,CLE,TOR,2018.0,112.0,106.0,-1.5,1.5,3.0,-5.0
1157,2018-04-03,DAL,POR,2018.0,115.0,109.0,7.0,-7.0,-1.0,2.0
1158,2018-04-03,DEN,IND,2018.0,107.0,104.0,-4.0,4.0,1.0,3.0
1159,2018-04-03,HOU,WAS,2018.0,120.0,104.0,-8.5,8.5,1.0,-1.0
1160,2018-04-03,LAC,SAS,2018.0,113.0,110.0,2.5,-2.5,1.0,1.0
1161,2018-04-03,MIA,ATL,2018.0,101.0,98.0,-12.5,12.5,-2.0,-2.0
1162,2018-04-03,MIL,BOS,2018.0,106.0,102.0,-4.5,4.5,3.0,3.0
1163,2018-04-03,NYK,ORL,2018.0,73.0,97.0,-1.0,1.0,1.0,-5.0
1164,2018-04-03,OKC,GSW,2018.0,107.0,111.0,-3.5,3.5,-2.0,-3.0
1165,2018-04-03,PHI,BRK,2018.0,121.0,95.0,-8.5,8.5,5.0,1.0
1166,2018-04-03,PHO,SAC,2018.0,97.0,94.0,2.5,-2.5,3.0,-1.0
1167,2018-04-03,UTA,LAL,2018.0,117.0,110.0,-11.0,11.0,-1.0,-1.0
1168,2018-04-04,ATL,MIA,2018.0,86.0,115.0,7.0,-7.0,0.0,-3.0
1169,2018-04-04,DET,PHI,2018.0,108.0,115.0,2.0,-2.0,5.0,5.0
1170,2018-04-04,LAL,SAS,2018.0,122.0,112.0,6.5,-6.5,-1.0,-1.0
1171,2018-04-04,NOP,MEM,2018.0,123.0,95.0,-13.0,13.0,-3.0,2.0
1172,2018-04-04,ORL,DAL,2018.0,105.0,100.0,-2.0,2.0,-3.0,1.0
1173,2018-04-04,TOR,BOS,2018.0,96.0,78.0,-7.5,7.5,-5.0,3.0
1174,2018-04-05,CLE,WAS,2018.0,119.0,115.0,-5.5,5.5,3.0,-1.0
1175,2018-04-05,DEN,MIN,2018.0,100.0,96.0,-4.5,4.5,-1.0,-4.0
1176,2018-04-05,HOU,POR,2018.0,96.0,94.0,-10.5,10.5,1.0,0.0
1177,2018-04-05,IND,GSW,2018.0,126.0,106.0,2.5,-2.5,3.0,-1.0
1178,2018-04-05,MIL,BRK,2018.0,111.0,119.0,-9.5,9.5,1.0,-1.0
1179,2018-04-05,UTA,LAC,2018.0,117.0,95.0,-7.5,7.5,-1.0,1.0
1180,2018-04-06,BOS,CHI,2018.0,111.0,104.0,-6.0,6.0,1.0,3.0
1181,2018-04-06,DET,DAL,2018.0,113.0,106.0,-6.5,6.5,3.0,-1.0
1182,2018-04-06,LAL,MIN,2018.0,96.0,113.0,5.0,-5.0,1.0,-2.0
1183,2018-04-06,MEM,SAC,2018.0,93.0,94.0,4.0,-4.0,2.0,-1.0
1184,2018-04-06,NYK,MIA,2018.0,122.0,98.0,8.5,-8.5,-1.0,-1.0
1185,2018-04-06,ORL,CHA,2018.0,100.0,137.0,7.0,-7.0,-1.0,-5.0
1186,2018-04-06,PHI,CLE,2018.0,132.0,130.0,-3.5,3.5,5.0,3.0
1187,2018-04-06,PHO,NOP,2018.0,103.0,122.0,12.0,-12.0,3.0,-3.0
1188,2018-04-06,TOR,IND,2018.0,92.0,73.0,-7.0,7.0,-3.0,3.0
1189,2018-04-06,WAS,ATL,2018.0,97.0,103.0,-10.5,10.5,-1.0,0.0
1190,2018-04-07,CHI,BRK,2018.0,96.0,124.0,5.5,-5.5,3.0,1.0
1191,2018-04-07,GSW,NOP,2018.0,120.0,126.0,-6.0,6.0,-1.0,-1.0
1192,2018-04-07,HOU,OKC,2018.0,102.0,108.0,-5.0,5.0,-1.0,-3.0
1193,2018-04-07,LAC,DEN,2018.0,115.0,134.0,3.5,-3.5,-1.0,-1.0
1194,2018-04-07,NYK,MIL,2018.0,102.0,115.0,8.0,-8.0,-1.0,1.0
1195,2018-04-07,SAS,POR,2018.0,116.0,105.0,-5.0,5.0,-1.0,0.0
1196,2018-04-08,BOS,ATL,2018.0,106.0,112.0,-9.5,9.5,3.0,1.0
1197,2018-04-08,CHA,IND,2018.0,117.0,123.0,1.0,-1.0,-3.0,1.0
1198,2018-04-08,LAL,UTA,2018.0,97.0,112.0,9.5,-9.5,-1.0,-1.0
1199,2018-04-08,MEM,DET,2018.0,130.0,117.0,6.0,-6.0,2.0,3.0
1200,2018-04-08,PHI,DAL,2018.0,109.0,97.0,-13.0,13.0,3.0,-1.0
1201,2018-04-08,PHO,GSW,2018.0,100.0,117.0,12.5,-12.5,1.0,-1.0
1202,2018-04-08,TOR,ORL,2018.0,112.0,101.0,-11.0,11.0,-1.0,-1.0
1203,2018-04-09,BRK,CHI,2018.0,114.0,105.0,-6.5,6.5,1.0,1.0
1204,2018-04-09,DEN,POR,2018.0,88.0,82.0,-4.5,4.5,-1.0,0.0
1205,2018-04-09,DET,TOR,2018.0,98.0,108.0,6.0,-6.0,1.0,0.0
1206,2018-04-09,LAC,NOP,2018.0,100.0,113.0,9.0,-9.0,-3.0,1.0
1207,2018-04-09,MIA,OKC,2018.0,93.0,115.0,4.5,-4.5,-3.0,-1.0
1208,2018-04-09,MIL,ORL,2018.0,102.0,86.0,-10.0,10.0,1.0,0.0
1209,2018-04-09,MIN,MEM,2018.0,113.0,94.0,-16.0,16.0,0.0,2.0
1210,2018-04-09,NYK,CLE,2018.0,109.0,123.0,12.0,-12.0,-3.0,3.0
1211,2018-04-09,SAS,SAC,2018.0,98.0,85.0,-14.0,14.0,1.0,-1.0
1212,2018-04-10,ATL,PHI,2018.0,113.0,121.0,10.0,-10.0,3.0,1.0
1213,2018-04-10,DAL,PHO,2018.0,97.0,124.0,-2.5,2.5,-1.0,1.0
1214,2018-04-10,IND,CHA,2018.0,93.0,119.0,-1.5,1.5,3.0,-3.0
1215,2018-04-10,LAL,HOU,2018.0,99.0,105.0,9.0,-9.0,-1.0,-3.0
1216,2018-04-10,UTA,GSW,2018.0,119.0,79.0,-8.0,8.0,1.0,-1.0
1217,2018-04-10,WAS,BOS,2018.0,113.0,101.0,-7.5,7.5,-1.0,1.0
1218,2018-04-11,BOS,BRK,2018.0,110.0,97.0,4.5,-4.5,-1.0,1.0
1219,2018-04-11,CHI,DET,2018.0,87.0,119.0,5.0,-5.0,-1.0,-1.0
1220,2018-04-11,CLE,NYK,2018.0,98.0,110.0,-8.5,8.5,3.0,-3.0
1221,2018-04-11,LAC,LAL,2018.0,100.0,115.0,-2.5,2.5,-3.0,1.0
1222,2018-04-11,MIA,TOR,2018.0,116.0,109.0,-2.5,2.5,-3.0,2.0
1223,2018-04-11,MIN,DEN,2018.0,112.0,106.0,-3.5,3.5,1.0,-1.0
1224,2018-04-11,NOP,SAS,2018.0,122.0,98.0,-3.5,3.5,3.0,-1.0
1225,2018-04-11,OKC,MEM,2018.0,137.0,123.0,-16.5,16.5,1.0,0.0
1226,2018-04-11,ORL,WAS,2018.0,101.0,92.0,6.0,-6.0,0.0,-1.0
1227,2018-04-11,PHI,MIL,2018.0,130.0,95.0,-6.0,6.0,-1.0,1.0
1228,2018-04-11,POR,UTA,2018.0,102.0,93.0,-2.0,2.0,-2.0,3.0
1229,2018-04-11,SAC,HOU,2018.0,96.0,83.0,-2.5,2.5,-1.0,-3.0
1230,2018-04-14,GSW,SAS,2018.0,113.0,92.0,-8.0,8.0,-1.0,-3.0
1231,2018-04-14,PHI,MIA,2018.0,130.0,103.0,-5.5,5.5,-1.0,-1.0
1232,2018-04-14,POR,NOP,2018.0,95.0,97.0,-5.5,5.5,-1.0,5.0
1233,2018-04-14,TOR,WAS,2018.0,114.0,106.0,-7.5,7.5,2.0,-1.0
1234,2018-04-15,BOS,MIL,2018.0,113.0,107.0,-4.0,4.0,-1.0,-1.0
1235,2018-04-15,CLE,IND,2018.0,80.0,98.0,-7.5,7.5,1.0,1.0
1236,2018-04-15,HOU,MIN,2018.0,104.0,101.0,-11.5,11.5,-3.0,3.0
1237,2018-04-15,OKC,UTA,2018.0,116.0,108.0,-4.5,4.5,1.0,1.0
1238,2018-04-16,GSW,SAS,2018.0,116.0,101.0,-9.0,9.0,-1.0,-3.0
1239,2018-04-16,PHI,MIA,2018.0,103.0,113.0,-6.5,6.5,-1.0,-1.0
1240,2018-04-17,BOS,MIL,2018.0,120.0,106.0,-1.0,1.0,1.0,-1.0
1241,2018-04-17,POR,NOP,2018.0,102.0,111.0,-6.5,6.5,-1.0,5.0
1242,2018-04-17,TOR,WAS,2018.0,130.0,119.0,-7.0,7.0,2.0,-1.0
1243,2018-04-18,CLE,IND,2018.0,100.0,97.0,-8.0,8.0,-1.0,1.0
1244,2018-04-18,HOU,MIN,2018.0,102.0,82.0,-10.0,10.0,-5.0,5.0
1245,2018-04-18,OKC,UTA,2018.0,95.0,102.0,-3.5,3.5,1.0,1.0
1246,2018-04-19,MIA,PHI,2018.0,108.0,128.0,2.5,-2.5,-1.0,-1.0
1247,2018-04-19,NOP,POR,2018.0,119.0,102.0,-3.5,3.5,5.0,-3.0
1248,2018-04-19,SAS,GSW,2018.0,97.0,110.0,3.5,-3.5,-3.0,1.0
1249,2018-04-20,IND,CLE,2018.0,92.0,90.0,-1.5,1.5,1.0,-1.0
1250,2018-04-20,MIL,BOS,2018.0,116.0,92.0,-4.5,4.5,-1.0,1.0
1251,2018-04-20,WAS,TOR,2018.0,122.0,103.0,-1.0,1.0,-3.0,2.0
1252,2018-04-21,MIA,PHI,2018.0,102.0,106.0,3.5,-3.5,-1.0,1.0
1253,2018-04-21,MIN,HOU,2018.0,121.0,105.0,6.0,-6.0,3.0,-3.0
1254,2018-04-21,NOP,POR,2018.0,131.0,123.0,-6.5,6.5,5.0,-3.0
1255,2018-04-21,UTA,OKC,2018.0,115.0,102.0,-5.0,5.0,1.0,1.0
1256,2018-04-22,IND,CLE,2018.0,100.0,104.0,2.0,-2.0,3.0,-3.0
1257,2018-04-22,MIL,BOS,2018.0,104.0,102.0,-6.0,6.0,-1.0,1.0
1258,2018-04-22,SAS,GSW,2018.0,103.0,90.0,5.5,-5.5,-5.0,3.0
1259,2018-04-22,WAS,TOR,2018.0,106.0,98.0,1.5,-1.5,-1.0,1.0
1260,2018-04-23,MIN,HOU,2018.0,100.0,119.0,6.0,-6.0,3.0,-3.0
1261,2018-04-23,UTA,OKC,2018.0,113.0,96.0,-5.0,5.0,1.0,-1.0
1262,2018-04-24,BOS,MIL,2018.0,92.0,87.0,-4.5,4.5,3.0,-3.0
1263,2018-04-24,GSW,SAS,2018.0,99.0,91.0,-11.0,11.0,1.0,-3.0
1264,2018-04-24,PHI,MIA,2018.0,104.0,91.0,-10.0,10.0,3.0,-1.0
1265,2018-04-25,CLE,IND,2018.0,98.0,95.0,-6.5,6.5,-3.0,1.0
1266,2018-04-25,HOU,MIN,2018.0,122.0,104.0,-12.0,12.0,-1.0,1.0
1267,2018-04-25,OKC,UTA,2018.0,107.0,99.0,-2.5,2.5,-3.0,1.0
1268,2018-04-25,TOR,WAS,2018.0,108.0,98.0,-7.0,7.0,-1.0,-1.0
1269,2018-04-26,MIL,BOS,2018.0,97.0,86.0,-4.5,4.5,-3.0,3.0
1270,2018-04-27,IND,CLE,2018.0,121.0,87.0,-1.5,1.5,3.0,-3.0
1271,2018-04-27,UTA,OKC,2018.0,96.0,91.0,-7.0,7.0,1.0,-1.0
1272,2018-04-27,WAS,TOR,2018.0,92.0,102.0,2.0,-2.0,-1.0,1.0
1273,2018-04-28,BOS,MIL,2018.0,112.0,96.0,-5.0,5.0,1.0,-1.0
1274,2018-04-28,GSW,NOP,2018.0,123.0,101.0,-7.5,7.5,1.0,5.0
1275,2018-04-29,CLE,IND,2018.0,105.0,101.0,-5.5,5.5,-3.0,3.0
1276,2018-04-29,HOU,UTA,2018.0,110.0,96.0,-11.5,11.5,1.0,1.0
1277,2018-04-30,BOS,PHI,2018.0,117.0,101.0,5.0,-5.0,1.0,3.0
1278,2018-05-01,GSW,NOP,2018.0,121.0,116.0,-11.0,11.0,1.0,3.0
1279,2018-05-01,TOR,CLE,2018.0,112.0,113.0,-7.0,7.0,1.0,-3.0
1280,2018-05-02,HOU,UTA,2018.0,108.0,116.0,-11.0,11.0,3.0,-1.0
1281,2018-05-03,BOS,PHI,2018.0,108.0,103.0,3.5,-3.5,3.0,1.0
1282,2018-05-03,TOR,CLE,2018.0,110.0,128.0,-7.0,7.0,-1.0,-1.0
1283,2018-05-04,NOP,GSW,2018.0,119.0,100.0,4.5,-4.5,3.0,-1.0
1284,2018-05-04,UTA,HOU,2018.0,92.0,113.0,4.5,-4.5,-1.0,1.0
1285,2018-05-05,CLE,TOR,2018.0,105.0,103.0,-4.5,4.5,-1.0,-1.0
1286,2018-05-05,PHI,BOS,2018.0,98.0,101.0,-9.0,9.0,1.0,3.0
1287,2018-05-06,NOP,GSW,2018.0,92.0,118.0,6.0,-6.0,3.0,-3.0
1288,2018-05-06,UTA,HOU,2018.0,87.0,100.0,6.0,-6.0,-3.0,3.0
1289,2018-05-07,CLE,TOR,2018.0,128.0,93.0,-5.0,5.0,-1.0,1.0
1290,2018-05-07,PHI,BOS,2018.0,103.0,92.0,-7.0,7.0,-1.0,3.0
1291,2018-05-08,GSW,NOP,2018.0,113.0,104.0,-12.0,12.0,-1.0,1.0
1292,2018-05-08,HOU,UTA,2018.0,112.0,102.0,-11.5,11.5,3.0,-3.0
1293,2018-05-09,BOS,PHI,2018.0,114.0,112.0,-1.5,1.5,3.0,-1.0
1294,2018-05-13,BOS,CLE,2018.0,108.0,83.0,1.0,-1.0,3.0,1.0
1295,2018-05-14,HOU,GSW,2018.0,106.0,119.0,-2.5,2.5,1.0,-1.0
1296,2018-05-15,BOS,CLE,2018.0,107.0,94.0,0.0,0.0,3.0,1.0
1297,2018-05-16,HOU,GSW,2018.0,127.0,105.0,-2.0,2.0,-1.0,-1.0
1298,2018-05-19,CLE,BOS,2018.0,116.0,86.0,-6.5,6.5,-1.0,3.0
1299,2018-05-20,GSW,HOU,2018.0,126.0,85.0,-7.5,7.5,-1.0,1.0
1300,2018-05-21,CLE,BOS,2018.0,111.0,102.0,-7.0,7.0,-1.0,1.0
1301,2018-05-22,GSW,HOU,2018.0,92.0,95.0,-7.5,7.5,1.0,-1.0
1302,2018-05-23,BOS,CLE,2018.0,96.0,83.0,-1.5,1.5,1.0,1.0
1303,2018-05-24,HOU,GSW,2018.0,98.0,94.0,1.0,-1.0,-1.0,-1.0
1304,2018-05-25,CLE,BOS,2018.0,109.0,99.0,-7.0,7.0,-1.0,1.0
1305,2018-05-26,GSW,HOU,2018.0,115.0,86.0,-12.5,12.5,-1.0,1.0
1306,2018-05-27,BOS,CLE,2018.0,79.0,87.0,-2.5,2.5,-1.0,1.0
1307,2018-05-28,HOU,GSW,2018.0,92.0,101.0,6.0,-6.0,1.0,-1.0
1308,2018-05-31,GSW,CLE,2018.0,124.0,114.0,-12.5,12.5,1.0,3.0
1309,2018-06-03,GSW,CLE,2018.0,122.0,103.0,-11.5,11.5,-1.0,3.0
1310,2018-06-06,CLE,GSW,2018.0,102.0,110.0,3.5,-3.5,1.0,1.0
1311,2018-06-08,CLE,GSW,2018.0,85.0,108.0,4.5,-4.5,1.0,3.0
