,Date,Home_Team,Away_Team,season,Home_Score,Away_Score,Home_Spread,Away_Spread,Home_last_n_ATS,Away_last_n_ATS
0,2016-10-25,CLE,NYK,2017.0,117.0,88.0,-9.5,9.5,,
1,2016-10-25,GSW,SAS,2017.0,100.0,129.0,-8.0,8.0,,
2,2016-10-25,POR,UTA,2017.0,113.0,104.0,-6.0,6.0,,
3,2016-10-26,BOS,BRK,2017.0,122.0,117.0,-11.5,11.5,,
4,2016-10-26,IND,DAL,2017.0,130.0,121.0,-5.5,5.5,,
5,2016-10-26,LAL,HOU,2017.0,120.0,114.0,6.0,-6.0,,
6,2016-10-26,MEM,MIN,2017.0,102.0,98.0,1.5,-1.5,,
7,2016-10-26,MIL,CHA,2017.0,96.0,107.0,2.0,-2.0,,
8,2016-10-26,NOP,DEN,2017.0,102.0,107.0,-1.0,1.0,,
9,2016-10-26,ORL,MIA,2017.0,96.0,108.0,-3.5,3.5,,
10,2016-10-26,PHI,OKC,2017.0,97.0,103.0,9.5,-9.5,,
11,2016-10-26,PHO,SAC,2017.0,94.0,113.0,-3.0,3.0,,
12,2016-10-26,TOR,DET,2017.0,109.0,91.0,-6.5,6.5,,
13,2016-10-27,ATL,WAS,2017.0,114.0,99.0,-4.0,4.0,,
14,2016-10-27,CHI,BOS,2017.0,105.0,99.0,-1.0,1.0,,-1.0
15,2016-10-27,POR,LAC,2017.0,106.0,114.0,2.5,-2.5,1.0,
16,2016-10-27,SAC,SAS,2017.0,94.0,102.0,8.0,-8.0,1.0,1.0
17,2016-10-28,BRK,IND,2017.0,103.0,94.0,6.0,-6.0,1.0,1.0
18,2016-10-28,DAL,HOU,2017.0,98.0,106.0,2.0,-2.0,-1.0,-1.0
19,2016-10-28,DET,ORL,2017.0,108.0,82.0,-4.0,4.0,-1.0,-1.0
20,2016-10-28,MIA,CHA,2017.0,91.0,97.0,1.0,-1.0,1.0,1.0
21,2016-10-28,NOP,GSW,2017.0,114.0,122.0,11.5,-11.5,-1.0,-1.0
22,2016-10-28,OKC,PHO,2017.0,113.0,110.0,-8.0,8.0,-1.0,-1.0
23,2016-10-28,TOR,CLE,2017.0,91.0,94.0,2.5,-2.5,1.0,1.0
24,2016-10-28,UTA,LAL,2017.0,96.0,89.0,-9.0,9.0,-1.0,1.0
25,2016-10-29,CHA,BOS,2017.0,98.0,104.0,2.5,-2.5,2.0,-2.0
26,2016-10-29,CHI,IND,2017.0,118.0,101.0,-3.5,3.5,1.0,0.0
27,2016-10-29,CLE,ORL,2017.0,105.0,99.0,-11.0,11.0,2.0,-2.0
28,2016-10-29,DEN,POR,2017.0,113.0,115.0,1.5,-1.5,1.0,0.0
29,2016-10-29,MIL,BRK,2017.0,110.0,108.0,-8.0,8.0,-1.0,2.0
30,2016-10-29,NYK,MEM,2017.0,111.0,104.0,-2.5,2.5,-1.0,1.0
31,2016-10-29,PHI,ATL,2017.0,72.0,104.0,8.0,-8.0,1.0,1.0
32,2016-10-29,SAC,MIN,2017.0,106.0,103.0,-1.0,1.0,1.0,-1.0
33,2016-10-29,SAS,NOP,2017.0,98.0,79.0,-13.5,13.5,1.0,0.0
34,2016-10-30,DET,MIL,2017.0,98.0,83.0,-7.5,7.5,0.0,-2.0
35,2016-10-30,HOU,DAL,2017.0,93.0,92.0,-4.5,4.5,0.0,-2.0
36,2016-10-30,LAC,UTA,2017.0,88.0,75.0,-7.5,7.5,1.0,-2.0
37,2016-10-30,MEM,WAS,2017.0,112.0,103.0,3.5,-3.5,0.0,-1.0
38,2016-10-30,MIA,SAS,2017.0,99.0,106.0,6.5,-6.5,0.0,2.0
39,2016-10-30,OKC,LAL,2017.0,113.0,96.0,-8.5,8.5,-2.0,2.0
40,2016-10-30,PHO,GSW,2017.0,100.0,106.0,11.5,-11.5,0.0,-2.0
41,2016-10-31,ATL,SAC,2017.0,106.0,95.0,-7.0,7.0,2.0,2.0
42,2016-10-31,BRK,CHI,2017.0,88.0,118.0,6.5,-6.5,3.0,2.0
43,2016-10-31,LAC,PHO,2017.0,116.0,98.0,-12.5,12.5,2.0,1.0
44,2016-10-31,TOR,DEN,2017.0,105.0,102.0,-6.5,6.5,0.0,0.0
45,2016-11-01,CLE,HOU,2017.0,128.0,120.0,-9.5,9.5,1.0,-1.0
46,2016-11-01,DET,NYK,2017.0,102.0,89.0,-3.5,3.5,1.0,0.0
47,2016-11-01,IND,LAL,2017.0,115.0,108.0,-9.0,9.0,-1.0,1.0
48,2016-11-01,MIA,SAC,2017.0,108.0,96.0,-3.5,3.5,-1.0,1.0
49,2016-11-01,MIN,MEM,2017.0,116.0,80.0,-7.0,7.0,-2.0,1.0
50,2016-11-01,NOP,MIL,2017.0,113.0,117.0,-3.5,3.5,-1.0,-3.0
51,2016-11-01,PHI,ORL,2017.0,101.0,103.0,5.5,-5.5,0.0,-1.0
52,2016-11-01,POR,GSW,2017.0,104.0,127.0,5.5,-5.5,1.0,-3.0
53,2016-11-01,SAS,UTA,2017.0,91.0,106.0,-9.5,9.5,3.0,-3.0
54,2016-11-02,ATL,LAL,2017.0,116.0,123.0,-11.5,11.5,3.0,2.0
55,2016-11-02,BOS,CHI,2017.0,107.0,100.0,-3.0,3.0,-1.0,3.0
56,2016-11-02,BRK,DET,2017.0,109.0,101.0,4.0,-4.0,2.0,2.0
57,2016-11-02,CHA,PHI,2017.0,109.0,93.0,-13.0,13.0,1.0,1.0
58,2016-11-02,LAC,OKC,2017.0,83.0,85.0,-7.0,7.0,3.0,-1.0
59,2016-11-02,MEM,NOP,2017.0,89.0,83.0,-5.0,5.0,0.0,-2.0
60,2016-11-02,NYK,HOU,2017.0,99.0,118.0,0.0,0.0,-1.0,0.0
61,2016-11-02,PHO,POR,2017.0,118.0,115.0,2.5,-2.5,0.0,0.0
62,2016-11-02,UTA,DAL,2017.0,97.0,81.0,-3.5,3.5,-2.0,-1.0
63,2016-11-02,WAS,TOR,2017.0,103.0,113.0,0.0,0.0,-2.0,-1.0
64,2016-11-03,CLE,BOS,2017.0,128.0,122.0,-10.5,10.5,0.0,0.0
65,2016-11-03,GSW,OKC,2017.0,122.0,96.0,-12.0,12.0,-2.0,0.0
66,2016-11-03,MIL,IND,2017.0,125.0,107.0,3.0,-3.0,-2.0,-2.0
67,2016-11-03,MIN,DEN,2017.0,99.0,102.0,-3.5,3.5,-1.0,1.0
68,2016-11-03,ORL,SAC,2017.0,102.0,94.0,1.0,-1.0,-2.0,0.0
69,2016-11-04,BRK,CHA,2017.0,95.0,99.0,6.5,-6.5,3.0,2.0
70,2016-11-04,CHI,NYK,2017.0,104.0,117.0,-7.0,7.0,2.0,-2.0
71,2016-11-04,DAL,POR,2017.0,95.0,105.0,2.5,-2.5,-2.0,-1.0
72,2016-11-04,LAL,GSW,2017.0,117.0,97.0,11.5,-11.5,3.0,-1.0
73,2016-11-04,MEM,LAC,2017.0,88.0,99.0,5.5,-5.5,1.0,2.0
74,2016-11-04,NOP,PHO,2017.0,111.0,112.0,-2.5,2.5,-3.0,1.0
75,2016-11-04,TOR,MIA,2017.0,96.0,87.0,-7.0,7.0,0.0,0.0
76,2016-11-04,UTA,SAS,2017.0,86.0,100.0,3.5,-3.5,-1.0,2.0
77,2016-11-04,WAS,ATL,2017.0,95.0,92.0,-1.5,1.5,-3.0,2.0
78,2016-11-05,ATL,HOU,2017.0,112.0,97.0,-3.0,3.0,1.0,1.0
79,2016-11-05,DET,DEN,2017.0,103.0,86.0,-4.5,4.5,1.0,2.0
80,2016-11-05,IND,CHI,2017.0,111.0,94.0,-3.0,3.0,-3.0,1.0
81,2016-11-05,MIL,SAC,2017.0,117.0,91.0,-3.5,3.5,-1.0,-2.0
82,2016-11-05,OKC,MIN,2017.0,112.0,92.0,-4.5,4.5,-1.0,-2.0
83,2016-11-05,ORL,WAS,2017.0,88.0,86.0,-6.0,6.0,-1.0,-2.0
84,2016-11-05,PHI,CLE,2017.0,101.0,102.0,12.5,-12.5,0.0,-1.0
85,2016-11-05,SAS,LAC,2017.0,92.0,116.0,-5.0,5.0,2.0,3.0
86,2016-11-06,BOS,DEN,2017.0,107.0,123.0,-7.0,7.0,1.0,1.0
87,2016-11-06,DAL,MIL,2017.0,86.0,75.0,-2.5,2.5,-3.0,1.0
88,2016-11-06,LAL,PHO,2017.0,119.0,108.0,-3.5,3.5,3.0,3.0
89,2016-11-06,MEM,POR,2017.0,94.0,100.0,-1.0,1.0,-1.0,-1.0
90,2016-11-06,NYK,UTA,2017.0,109.0,114.0,2.5,-2.5,-1.0,-1.0
91,2016-11-06,TOR,SAC,2017.0,91.0,96.0,-7.5,7.5,1.0,-3.0
92,2016-11-07,CHA,IND,2017.0,122.0,100.0,-3.0,3.0,1.0,-3.0
93,2016-11-07,CHI,ORL,2017.0,112.0,80.0,-6.5,6.5,-1.0,-1.0
94,2016-11-07,GSW,NOP,2017.0,116.0,106.0,-16.5,16.5,-1.0,-3.0
95,2016-11-07,LAC,DET,2017.0,114.0,82.0,-8.5,8.5,3.0,3.0
96,2016-11-07,OKC,MIA,2017.0,97.0,85.0,-5.5,5.5,1.0,-1.0
97,2016-11-07,PHI,UTA,2017.0,84.0,109.0,5.0,-5.0,1.0,1.0
98,2016-11-07,WAS,HOU,2017.0,106.0,114.0,-1.0,1.0,-1.0,1.0
99,2016-11-08,BRK,MIN,2017.0,119.0,110.0,4.0,-4.0,3.0,-3.0
100,2016-11-08,CLE,ATL,2017.0,106.0,110.0,-7.5,7.5,-3.0,1.0
101,2016-11-08,LAL,DAL,2017.0,97.0,109.0,-4.5,4.5,3.0,-1.0
102,2016-11-08,MEM,DEN,2017.0,108.0,107.0,-4.0,4.0,-1.0,1.0
103,2016-11-08,POR,PHO,2017.0,124.0,121.0,-8.5,8.5,1.0,1.0
104,2016-11-08,SAC,NOP,2017.0,102.0,94.0,-6.5,6.5,-3.0,-3.0
105,2016-11-09,ATL,CHI,2017.0,115.0,107.0,-3.5,3.5,1.0,-1.0
106,2016-11-09,CHA,UTA,2017.0,104.0,98.0,-3.0,3.0,1.0,3.0
107,2016-11-09,GSW,DAL,2017.0,116.0,95.0,-18.5,18.5,-1.0,1.0
108,2016-11-09,IND,PHI,2017.0,122.0,115.0,-11.5,11.5,-3.0,-1.0
109,2016-11-09,LAC,POR,2017.0,111.0,80.0,-11.0,11.0,3.0,-1.0
110,2016-11-09,NYK,BRK,2017.0,110.0,96.0,-8.0,8.0,-1.0,3.0
111,2016-11-09,OKC,TOR,2017.0,102.0,112.0,-4.0,4.0,3.0,-1.0
112,2016-11-09,ORL,MIN,2017.0,107.0,123.0,-2.5,2.5,-1.0,-3.0
113,2016-11-09,PHO,DET,2017.0,107.0,100.0,4.5,-4.5,1.0,1.0
114,2016-11-09,SAS,HOU,2017.0,99.0,101.0,-8.5,8.5,1.0,1.0
115,2016-11-09,WAS,BOS,2017.0,118.0,93.0,-1.0,1.0,-1.0,1.0
116,2016-11-10,DEN,GSW,2017.0,101.0,125.0,7.0,-7.0,3.0,1.0
117,2016-11-10,MIA,CHI,2017.0,95.0,98.0,-1.0,1.0,-3.0,-3.0
118,2016-11-10,MIL,NOP,2017.0,106.0,112.0,-5.5,5.5,1.0,-3.0
119,2016-11-10,SAC,LAL,2017.0,91.0,101.0,-5.5,5.5,-1.0,3.0
120,2016-11-11,BOS,NYK,2017.0,115.0,87.0,-5.0,5.0,1.0,-1.0
121,2016-11-11,CHA,TOR,2017.0,111.0,113.0,0.0,0.0,1.0,1.0
122,2016-11-11,OKC,LAC,2017.0,108.0,110.0,5.0,-5.0,1.0,3.0
123,2016-11-11,ORL,UTA,2017.0,74.0,87.0,5.0,-5.0,-3.0,1.0
124,2016-11-11,PHI,IND,2017.0,109.0,105.0,5.0,-5.0,1.0,-3.0
125,2016-11-11,POR,SAC,2017.0,122.0,120.0,-6.5,6.5,-1.0,-1.0
126,2016-11-11,SAS,DET,2017.0,96.0,86.0,-9.0,9.0,-1.0,-1.0
127,2016-11-11,WAS,CLE,2017.0,94.0,105.0,7.5,-7.5,1.0,-5.0
128,2016-11-12,ATL,PHI,2017.0,117.0,96.0,-14.5,14.5,1.0,1.0
129,2016-11-12,CHI,WAS,2017.0,106.0,95.0,-10.0,10.0,-1.0,1.0
130,2016-11-12,DEN,DET,2017.0,95.0,106.0,-5.0,5.0,1.0,-3.0
131,2016-11-12,HOU,SAS,2017.0,100.0,106.0,1.5,-1.5,3.0,-1.0
132,2016-11-12,IND,BOS,2017.0,99.0,105.0,2.0,-2.0,-3.0,1.0
133,2016-11-12,MIA,UTA,2017.0,91.0,102.0,1.5,-1.5,-3.0,1.0
134,2016-11-12,MIL,MEM,2017.0,106.0,96.0,-3.0,3.0,1.0,-3.0
135,2016-11-12,MIN,LAC,2017.0,105.0,119.0,5.5,-5.5,-1.0,3.0
136,2016-11-12,NOP,LAL,2017.0,99.0,126.0,1.0,-1.0,-1.0,3.0
137,2016-11-12,PHO,BRK,2017.0,104.0,122.0,-5.0,5.0,3.0,1.0
138,2016-11-12,TOR,NYK,2017.0,118.0,107.0,-7.5,7.5,3.0,-1.0
139,2016-11-13,CLE,CHA,2017.0,100.0,93.0,-7.0,7.0,-3.0,1.0
140,2016-11-13,GSW,PHO,2017.0,133.0,120.0,-16.5,16.5,1.0,1.0
141,2016-11-13,MIN,LAL,2017.0,125.0,99.0,-1.0,1.0,-3.0,3.0
142,2016-11-13,OKC,ORL,2017.0,117.0,119.0,-9.5,9.5,1.0,-3.0
143,2016-11-13,POR,DEN,2017.0,112.0,105.0,-7.5,7.5,-1.0,-1.0
144,2016-11-14,DET,OKC,2017.0,104.0,88.0,-3.0,3.0,-1.0,1.0
145,2016-11-14,HOU,PHI,2017.0,115.0,88.0,-11.5,11.5,1.0,1.0
146,2016-11-14,IND,ORL,2017.0,88.0,69.0,-8.0,8.0,-3.0,-3.0
147,2016-11-14,LAC,BRK,2017.0,127.0,95.0,-14.5,14.5,3.0,3.0
148,2016-11-14,NOP,BOS,2017.0,106.0,105.0,3.5,-3.5,-1.0,1.0
149,2016-11-14,NYK,DAL,2017.0,93.0,77.0,-4.0,4.0,-1.0,-1.0
150,2016-11-14,SAS,MIA,2017.0,94.0,90.0,-11.0,11.0,1.0,-3.0
151,2016-11-14,UTA,MEM,2017.0,96.0,102.0,-6.0,6.0,3.0,-3.0
152,2016-11-15,CLE,TOR,2017.0,121.0,117.0,-6.0,6.0,-2.0,3.0
153,2016-11-15,LAL,BRK,2017.0,125.0,118.0,-7.0,7.0,1.0,1.0
154,2016-11-15,MIA,ATL,2017.0,90.0,93.0,6.5,-6.5,-3.0,3.0
155,2016-11-15,MIN,CHA,2017.0,108.0,115.0,1.0,-1.0,-1.0,0.0
156,2016-11-15,POR,CHI,2017.0,88.0,113.0,-4.5,4.5,-3.0,1.0
157,2016-11-16,ATL,MIL,2017.0,107.0,100.0,-5.0,5.0,3.0,1.0
158,2016-11-16,BOS,DAL,2017.0,90.0,83.0,-6.0,6.0,-1.0,-1.0
159,2016-11-16,DEN,PHO,2017.0,120.0,104.0,-4.5,4.5,1.0,1.0
160,2016-11-16,IND,CLE,2017.0,103.0,93.0,-2.5,2.5,-3.0,-2.0
161,2016-11-16,LAC,MEM,2017.0,107.0,111.0,-12.5,12.5,3.0,-3.0
162,2016-11-16,NYK,DET,2017.0,105.0,102.0,-2.0,2.0,-1.0,-1.0
163,2016-11-16,OKC,HOU,2017.0,105.0,103.0,-2.5,2.5,-1.0,1.0
164,2016-11-16,ORL,NOP,2017.0,89.0,82.0,-7.0,7.0,-3.0,1.0
165,2016-11-16,PHI,WAS,2017.0,109.0,102.0,7.0,-7.0,-1.0,-1.0
166,2016-11-16,SAC,SAS,2017.0,105.0,110.0,5.5,-5.5,1.0,-1.0
167,2016-11-16,TOR,GSW,2017.0,121.0,127.0,6.0,-6.0,3.0,-1.0
168,2016-11-17,HOU,POR,2017.0,126.0,109.0,-5.0,5.0,3.0,-5.0
169,2016-11-17,MIA,MIL,2017.0,96.0,73.0,-4.0,4.0,-1.0,-1.0
170,2016-11-17,MIN,PHI,2017.0,110.0,86.0,-11.5,11.5,-1.0,1.0
171,2016-11-17,UTA,CHI,2017.0,77.0,85.0,-3.0,3.0,1.0,3.0
172,2016-11-17,WAS,NYK,2017.0,119.0,112.0,-5.0,5.0,-3.0,1.0
173,2016-11-18,BOS,GSW,2017.0,88.0,104.0,8.5,-8.5,1.0,0.0
174,2016-11-18,CHA,ATL,2017.0,100.0,96.0,-2.0,2.0,2.0,3.0
175,2016-11-18,CLE,DET,2017.0,104.0,81.0,-8.5,8.5,-2.0,-1.0
176,2016-11-18,DAL,MEM,2017.0,64.0,80.0,3.5,-3.5,-1.0,-1.0
177,2016-11-18,DEN,TOR,2017.0,111.0,113.0,3.5,-3.5,1.0,4.0
178,2016-11-18,IND,PHO,2017.0,96.0,116.0,-4.0,4.0,-1.0,1.0
179,2016-11-18,LAL,SAS,2017.0,107.0,116.0,7.5,-7.5,0.0,-1.0
180,2016-11-18,NOP,POR,2017.0,113.0,101.0,0.0,0.0,0.0,-5.0
181,2016-11-18,OKC,BRK,2017.0,124.0,105.0,-9.5,9.5,-3.0,0.0
182,2016-11-18,SAC,LAC,2017.0,115.0,121.0,8.5,-8.5,3.0,1.0
183,2016-11-19,DET,BOS,2017.0,92.0,94.0,-2.0,2.0,-1.0,1.0
184,2016-11-19,HOU,UTA,2017.0,111.0,102.0,-6.5,6.5,3.0,-1.0
185,2016-11-19,LAC,CHI,2017.0,102.0,95.0,-8.0,8.0,-1.0,3.0
186,2016-11-19,MEM,MIN,2017.0,93.0,71.0,1.0,-1.0,1.0,1.0
187,2016-11-19,MIL,GSW,2017.0,121.0,124.0,8.5,-8.5,-3.0,2.0
188,2016-11-19,NOP,CHA,2017.0,121.0,116.0,2.0,-2.0,2.0,2.0
189,2016-11-19,ORL,DAL,2017.0,95.0,87.0,-7.5,7.5,-2.0,-3.0
190,2016-11-19,PHI,PHO,2017.0,120.0,105.0,2.0,-2.0,-1.0,1.0
191,2016-11-19,WAS,MIA,2017.0,111.0,114.0,-4.5,4.5,-1.0,1.0
192,2016-11-20,BRK,POR,2017.0,109.0,129.0,4.5,-4.5,-2.0,-5.0
193,2016-11-20,DEN,UTA,2017.0,105.0,91.0,-3.5,3.5,1.0,-1.0
194,2016-11-20,LAL,CHI,2017.0,110.0,118.0,-2.5,2.5,0.0,5.0
195,2016-11-20,NYK,ATL,2017.0,104.0,94.0,4.5,-4.5,-1.0,1.0
196,2016-11-20,OKC,IND,2017.0,111.0,115.0,-9.5,9.5,-1.0,-1.0
197,2016-11-20,SAC,TOR,2017.0,102.0,99.0,4.0,-4.0,3.0,2.0
198,2016-11-21,CHA,MEM,2017.0,90.0,105.0,-5.5,5.5,0.0,3.0
199,2016-11-21,DET,HOU,2017.0,96.0,99.0,2.5,-2.5,-1.0,3.0
200,2016-11-21,IND,GSW,2017.0,83.0,120.0,14.5,-14.5,1.0,0.0
201,2016-11-21,LAC,TOR,2017.0,123.0,115.0,-9.0,9.0,-1.0,0.0
202,2016-11-21,MIL,ORL,2017.0,93.0,89.0,-6.5,6.5,-1.0,0.0
203,2016-11-21,MIN,BOS,2017.0,93.0,99.0,1.5,-1.5,-1.0,1.0
204,2016-11-21,PHI,MIA,2017.0,101.0,94.0,4.5,-4.5,-1.0,3.0
205,2016-11-21,SAS,DAL,2017.0,96.0,91.0,-13.5,13.5,1.0,-5.0
206,2016-11-21,WAS,PHO,2017.0,106.0,101.0,-7.5,7.5,-3.0,-1.0
207,2016-11-22,ATL,NOP,2017.0,94.0,112.0,-8.0,8.0,-1.0,2.0
208,2016-11-22,DEN,CHI,2017.0,110.0,107.0,1.5,-1.5,3.0,5.0
209,2016-11-22,LAL,OKC,2017.0,111.0,109.0,3.0,-3.0,-2.0,-3.0
210,2016-11-22,NYK,POR,2017.0,107.0,103.0,-1.5,1.5,1.0,-3.0
211,2016-11-23,BRK,BOS,2017.0,92.0,111.0,7.5,-7.5,-2.0,1.0
212,2016-11-23,CHA,SAS,2017.0,114.0,119.0,5.5,-5.5,0.0,-1.0
213,2016-11-23,CLE,POR,2017.0,137.0,125.0,-11.5,11.5,0.0,-3.0
214,2016-11-23,DAL,LAC,2017.0,104.0,124.0,10.0,-10.0,-3.0,-3.0
215,2016-11-23,DET,MIA,2017.0,107.0,84.0,-4.5,4.5,-3.0,3.0
216,2016-11-23,GSW,LAL,2017.0,149.0,106.0,-18.0,18.0,0.0,-2.0
217,2016-11-23,HOU,TOR,2017.0,102.0,115.0,-4.0,4.0,5.0,0.0
218,2016-11-23,IND,ATL,2017.0,85.0,96.0,1.0,-1.0,1.0,-3.0
219,2016-11-23,NOP,MIN,2017.0,117.0,96.0,2.0,-2.0,4.0,-1.0
220,2016-11-23,ORL,PHO,2017.0,87.0,92.0,-4.0,4.0,2.0,1.0
221,2016-11-23,PHI,MEM,2017.0,99.0,104.0,6.0,-6.0,1.0,5.0
222,2016-11-23,SAC,OKC,2017.0,116.0,101.0,-2.0,2.0,3.0,-3.0
223,2016-11-23,UTA,DEN,2017.0,108.0,83.0,-7.5,7.5,-3.0,5.0
224,2016-11-25,BOS,SAS,2017.0,103.0,109.0,3.0,-3.0,3.0,-3.0
225,2016-11-25,CLE,DAL,2017.0,128.0,90.0,-13.0,13.0,0.0,-3.0
226,2016-11-25,DEN,OKC,2017.0,129.0,132.0,2.5,-2.5,3.0,-3.0
227,2016-11-25,DET,LAC,2017.0,108.0,97.0,6.5,-6.5,-3.0,-3.0
228,2016-11-25,IND,BRK,2017.0,118.0,97.0,-6.0,6.0,-1.0,-4.0
229,2016-11-25,LAL,GSW,2017.0,85.0,109.0,13.5,-13.5,-2.0,2.0
230,2016-11-25,MEM,MIA,2017.0,81.0,90.0,-5.0,5.0,3.0,1.0
231,2016-11-25,MIL,TOR,2017.0,99.0,105.0,3.5,-3.5,-1.0,0.0
232,2016-11-25,NYK,CHA,2017.0,113.0,111.0,2.0,-2.0,3.0,1.0
233,2016-11-25,ORL,WAS,2017.0,91.0,94.0,2.0,-2.0,0.0,-3.0
234,2016-11-25,PHI,CHI,2017.0,89.0,105.0,9.0,-9.0,3.0,3.0
235,2016-11-25,PHO,MIN,2017.0,85.0,98.0,2.0,-2.0,1.0,-3.0
236,2016-11-25,POR,NOP,2017.0,119.0,104.0,-4.0,4.0,-3.0,4.0
237,2016-11-25,SAC,HOU,2017.0,104.0,117.0,3.5,-3.5,5.0,3.0
238,2016-11-25,UTA,ATL,2017.0,95.0,68.0,-3.5,3.5,-3.0,-1.0
239,2016-11-26,CHA,NYK,2017.0,107.0,102.0,-5.5,5.5,-1.0,3.0
240,2016-11-26,GSW,MIN,2017.0,115.0,102.0,-12.5,12.5,3.0,-1.0
241,2016-11-26,MIA,MEM,2017.0,107.0,110.0,1.5,-1.5,1.0,1.0
242,2016-11-26,OKC,DET,2017.0,106.0,88.0,-3.5,3.5,-1.0,-1.0
243,2016-11-26,WAS,SAS,2017.0,100.0,112.0,6.0,-6.0,-1.0,-1.0
244,2016-11-27,BRK,SAC,2017.0,105.0,122.0,5.0,-5.0,-4.0,3.0
245,2016-11-27,DAL,NOP,2017.0,91.0,81.0,5.5,-5.5,-3.0,3.0
246,2016-11-27,IND,LAC,2017.0,91.0,70.0,11.5,-11.5,-1.0,-3.0
247,2016-11-27,LAL,ATL,2017.0,109.0,94.0,5.5,-5.5,-3.0,-3.0
248,2016-11-27,ORL,MIL,2017.0,96.0,104.0,-1.0,1.0,0.0,-3.0
249,2016-11-27,PHI,CLE,2017.0,108.0,112.0,11.0,-11.0,1.0,1.0
250,2016-11-27,PHO,DEN,2017.0,114.0,120.0,-2.5,2.5,1.0,1.0
251,2016-11-27,POR,HOU,2017.0,114.0,130.0,1.5,-1.5,-1.0,3.0
252,2016-11-28,GSW,ATL,2017.0,105.0,100.0,-14.0,14.0,3.0,-3.0
253,2016-11-28,MEM,CHA,2017.0,85.0,104.0,2.0,-2.0,1.0,-3.0
254,2016-11-28,MIA,BOS,2017.0,104.0,112.0,4.0,-4.0,-1.0,1.0
255,2016-11-28,MIN,UTA,2017.0,103.0,112.0,3.0,-3.0,-3.0,-1.0
256,2016-11-28,NYK,OKC,2017.0,103.0,112.0,1.0,-1.0,3.0,-1.0
257,2016-11-28,TOR,PHI,2017.0,122.0,95.0,-15.0,15.0,1.0,3.0
258,2016-11-28,WAS,SAC,2017.0,101.0,95.0,-5.0,5.0,-1.0,3.0
259,2016-11-29,BRK,LAC,2017.0,127.0,122.0,10.5,-10.5,-5.0,-3.0
260,2016-11-29,CHA,DET,2017.0,89.0,112.0,-3.5,3.5,-1.0,-1.0
261,2016-11-29,MIL,CLE,2017.0,118.0,101.0,7.0,-7.0,-1.0,1.0
262,2016-11-29,NOP,LAL,2017.0,105.0,88.0,-5.5,5.5,1.0,-1.0
263,2016-11-29,SAS,ORL,2017.0,83.0,95.0,-12.5,12.5,1.0,-1.0
264,2016-11-29,UTA,HOU,2017.0,120.0,101.0,1.5,-1.5,1.0,3.0
265,2016-11-30,BOS,DET,2017.0,114.0,121.0,-7.5,7.5,3.0,1.0
266,2016-11-30,CHI,LAL,2017.0,90.0,96.0,-10.5,10.5,3.0,-1.0
267,2016-11-30,DAL,SAS,2017.0,87.0,94.0,8.5,-8.5,-1.0,-1.0
268,2016-11-30,DEN,MIA,2017.0,98.0,106.0,-6.0,6.0,1.0,-3.0
269,2016-11-30,MIN,NYK,2017.0,104.0,106.0,-3.5,3.5,-3.0,3.0
270,2016-11-30,OKC,WAS,2017.0,126.0,115.0,-6.0,6.0,1.0,-1.0
271,2016-11-30,PHO,ATL,2017.0,109.0,107.0,5.5,-5.5,-1.0,-1.0
272,2016-11-30,POR,IND,2017.0,131.0,109.0,-7.5,7.5,-1.0,1.0
273,2016-11-30,TOR,MEM,2017.0,120.0,105.0,-12.0,12.0,3.0,-1.0
274,2016-12-01,BRK,MIL,2017.0,93.0,111.0,5.5,-5.5,-3.0,1.0
275,2016-12-01,CHA,DAL,2017.0,97.0,87.0,-12.0,12.0,-1.0,1.0
276,2016-12-01,CLE,LAC,2017.0,94.0,113.0,-3.5,3.5,1.0,-3.0
277,2016-12-01,GSW,HOU,2017.0,127.0,132.0,-11.5,11.5,3.0,1.0
278,2016-12-01,MEM,ORL,2017.0,95.0,94.0,4.0,-4.0,-3.0,-1.0
279,2016-12-01,UTA,MIA,2017.0,110.0,111.0,-7.0,7.0,3.0,-1.0
280,2016-12-02,ATL,DET,2017.0,85.0,121.0,-1.5,1.5,-1.0,3.0
281,2016-12-02,BOS,SAC,2017.0,97.0,92.0,-6.0,6.0,1.0,1.0
282,2016-12-02,CHI,CLE,2017.0,111.0,105.0,2.0,-2.0,1.0,-1.0
283,2016-12-02,DEN,HOU,2017.0,110.0,128.0,-4.0,4.0,-1.0,1.0
284,2016-12-02,NOP,LAC,2017.0,96.0,114.0,4.0,-4.0,1.0,-1.0
285,2016-12-02,NYK,MIN,2017.0,118.0,114.0,2.5,-2.5,3.0,-3.0
286,2016-12-02,PHI,ORL,2017.0,88.0,105.0,-1.5,1.5,1.0,-3.0
287,2016-12-02,SAS,WAS,2017.0,107.0,105.0,-9.0,9.0,-1.0,-1.0
288,2016-12-02,TOR,LAL,2017.0,113.0,80.0,-10.0,10.0,5.0,-1.0
289,2016-12-03,CHA,MIN,2017.0,120.0,125.0,-6.0,6.0,-3.0,-3.0
290,2016-12-03,DAL,CHI,2017.0,107.0,82.0,3.5,-3.5,1.0,1.0
291,2016-12-03,GSW,PHO,2017.0,138.0,109.0,-16.5,16.5,1.0,1.0
292,2016-12-03,MEM,LAL,2017.0,103.0,100.0,-2.5,2.5,-1.0,-1.0
293,2016-12-03,MIL,BRK,2017.0,112.0,103.0,-10.0,10.0,1.0,-3.0
294,2016-12-03,PHI,BOS,2017.0,106.0,107.0,9.5,-9.5,-1.0,-1.0
295,2016-12-03,POR,MIA,2017.0,99.0,92.0,-6.0,6.0,-1.0,1.0
296,2016-12-03,TOR,ATL,2017.0,128.0,84.0,-8.5,8.5,5.0,-3.0
297,2016-12-03,UTA,DEN,2017.0,105.0,98.0,-7.0,7.0,3.0,-3.0
298,2016-12-04,DET,ORL,2017.0,92.0,98.0,-7.5,7.5,3.0,-1.0
299,2016-12-04,LAC,IND,2017.0,102.0,111.0,-11.0,11.0,-1.0,-1.0
300,2016-12-04,NYK,SAC,2017.0,106.0,98.0,-1.5,1.5,3.0,1.0
301,2016-12-04,OKC,NOP,2017.0,101.0,92.0,-6.0,6.0,3.0,-1.0
302,2016-12-05,ATL,OKC,2017.0,99.0,102.0,-4.0,4.0,-3.0,5.0
303,2016-12-05,BRK,WAS,2017.0,113.0,118.0,6.5,-6.5,-1.0,1.0
304,2016-12-05,CHI,POR,2017.0,110.0,112.0,-3.5,3.5,-1.0,1.0
305,2016-12-05,DAL,CHA,2017.0,101.0,109.0,3.5,-3.5,3.0,-3.0
306,2016-12-05,GSW,IND,2017.0,142.0,106.0,-15.0,15.0,1.0,1.0
307,2016-12-05,HOU,BOS,2017.0,107.0,106.0,-5.5,5.5,3.0,-3.0
308,2016-12-05,LAL,UTA,2017.0,101.0,107.0,4.5,-4.5,-1.0,2.0
309,2016-12-05,MIL,SAS,2017.0,96.0,97.0,6.5,-6.5,1.0,-1.0
310,2016-12-05,NOP,MEM,2017.0,108.0,110.0,-5.0,5.0,-3.0,1.0
311,2016-12-05,PHI,DEN,2017.0,98.0,106.0,3.5,-3.5,-1.0,-2.0
312,2016-12-05,TOR,CLE,2017.0,112.0,116.0,-2.0,2.0,5.0,-3.0
313,2016-12-06,DET,CHI,2017.0,102.0,91.0,-5.5,5.5,1.0,-1.0
314,2016-12-06,MEM,PHI,2017.0,96.0,91.0,-7.5,7.5,1.0,-1.0
315,2016-12-06,MIA,NYK,2017.0,103.0,114.0,-1.5,1.5,-1.0,3.0
316,2016-12-06,MIN,SAS,2017.0,91.0,105.0,4.0,-4.0,-3.0,-3.0
317,2016-12-06,UTA,PHO,2017.0,112.0,105.0,-6.5,6.5,2.0,-1.0
318,2016-12-06,WAS,ORL,2017.0,116.0,124.0,-3.0,3.0,-1.0,1.0
319,2016-12-07,ATL,MIA,2017.0,103.0,95.0,-9.0,9.0,-3.0,-1.0
320,2016-12-07,BRK,DEN,2017.0,116.0,111.0,4.5,-4.5,1.0,0.0
321,2016-12-07,CHA,DET,2017.0,87.0,77.0,-5.5,5.5,-1.0,3.0
322,2016-12-07,DAL,SAC,2017.0,89.0,120.0,3.0,-3.0,3.0,-1.0
323,2016-12-07,HOU,LAL,2017.0,134.0,95.0,-13.5,13.5,1.0,-3.0
324,2016-12-07,LAC,GSW,2017.0,98.0,115.0,4.0,-4.0,-1.0,1.0
325,2016-12-07,MIL,POR,2017.0,115.0,107.0,-1.5,1.5,3.0,3.0
326,2016-12-07,NYK,CLE,2017.0,94.0,126.0,8.5,-8.5,3.0,-3.0
327,2016-12-07,ORL,BOS,2017.0,87.0,117.0,1.5,-1.5,3.0,-1.0
328,2016-12-07,PHO,IND,2017.0,94.0,109.0,4.0,-4.0,-3.0,1.0
329,2016-12-08,CHI,SAS,2017.0,95.0,91.0,3.5,-3.5,-3.0,-3.0
330,2016-12-08,MEM,POR,2017.0,88.0,86.0,2.5,-2.5,1.0,1.0
331,2016-12-08,NOP,PHI,2017.0,88.0,99.0,-6.5,6.5,-3.0,-1.0
332,2016-12-08,TOR,MIN,2017.0,124.0,110.0,-9.5,9.5,3.0,-3.0
333,2016-12-08,UTA,GSW,2017.0,99.0,106.0,11.5,-11.5,2.0,1.0
334,2016-12-08,WAS,DEN,2017.0,92.0,85.0,-5.5,5.5,-1.0,-2.0
335,2016-12-09,BOS,TOR,2017.0,94.0,101.0,-2.5,2.5,-1.0,3.0
336,2016-12-09,CHA,ORL,2017.0,109.0,88.0,-6.5,6.5,-1.0,1.0
337,2016-12-09,CLE,MIA,2017.0,114.0,84.0,-12.0,12.0,-1.0,1.0
338,2016-12-09,DAL,IND,2017.0,111.0,103.0,3.5,-3.5,1.0,1.0
339,2016-12-09,LAL,PHO,2017.0,115.0,119.0,-1.5,1.5,-3.0,-3.0
340,2016-12-09,MIL,ATL,2017.0,110.0,114.0,-3.0,3.0,3.0,-5.0
341,2016-12-09,MIN,DET,2017.0,90.0,117.0,3.5,-3.5,-3.0,1.0
342,2016-12-09,OKC,HOU,2017.0,99.0,102.0,2.0,-2.0,5.0,1.0
343,2016-12-09,SAC,NYK,2017.0,100.0,103.0,-5.5,5.5,1.0,3.0
344,2016-12-10,CHI,MIA,2017.0,105.0,100.0,-9.5,9.5,-1.0,-1.0
345,2016-12-10,CLE,CHA,2017.0,116.0,105.0,-7.5,7.5,1.0,1.0
346,2016-12-10,HOU,DAL,2017.0,109.0,87.0,-12.5,12.5,3.0,1.0
347,2016-12-10,IND,POR,2017.0,118.0,111.0,1.5,-1.5,-1.0,1.0
348,2016-12-10,LAC,NOP,2017.0,133.0,105.0,-14.0,14.0,-1.0,-3.0
349,2016-12-10,MEM,GSW,2017.0,110.0,89.0,13.0,-13.0,3.0,1.0
350,2016-12-10,ORL,DEN,2017.0,113.0,121.0,2.0,-2.0,1.0,-2.0
351,2016-12-10,SAS,BRK,2017.0,130.0,101.0,-15.5,15.5,-3.0,3.0
352,2016-12-10,UTA,SAC,2017.0,104.0,84.0,-5.5,5.5,2.0,-1.0
353,2016-12-10,WAS,MIL,2017.0,110.0,105.0,-4.5,4.5,-1.0,1.0
354,2016-12-11,DET,PHI,2017.0,79.0,97.0,-12.0,12.0,1.0,1.0
355,2016-12-11,LAL,NYK,2017.0,112.0,118.0,2.5,-2.5,-5.0,3.0
356,2016-12-11,MIN,GSW,2017.0,108.0,116.0,10.0,-10.0,-3.0,1.0
357,2016-12-11,OKC,BOS,2017.0,99.0,96.0,-3.5,3.5,3.0,-1.0
358,2016-12-11,PHO,NOP,2017.0,119.0,120.0,-2.0,2.0,-1.0,-5.0
359,2016-12-12,DAL,DEN,2017.0,112.0,92.0,2.5,-2.5,-1.0,0.0
360,2016-12-12,HOU,BRK,2017.0,122.0,118.0,-13.5,13.5,3.0,1.0
361,2016-12-12,IND,CHA,2017.0,110.0,94.0,1.5,-1.5,1.0,1.0
362,2016-12-12,LAC,POR,2017.0,121.0,120.0,-10.0,10.0,1.0,-1.0
363,2016-12-12,MIA,WAS,2017.0,112.0,101.0,1.5,-1.5,-1.0,1.0
364,2016-12-12,SAC,LAL,2017.0,116.0,92.0,-8.5,8.5,-1.0,-5.0
365,2016-12-12,TOR,MIL,2017.0,122.0,100.0,-8.0,8.0,3.0,-1.0
366,2016-12-13,ATL,ORL,2017.0,120.0,131.0,-8.5,8.5,-3.0,-1.0
367,2016-12-13,CHI,MIN,2017.0,94.0,99.0,-6.0,6.0,-3.0,-1.0
368,2016-12-13,CLE,MEM,2017.0,103.0,86.0,-15.0,15.0,3.0,3.0
369,2016-12-13,NOP,GSW,2017.0,109.0,113.0,11.0,-11.0,-3.0,-1.0
370,2016-12-13,PHO,NYK,2017.0,113.0,111.0,2.0,-2.0,-3.0,3.0
371,2016-12-13,POR,OKC,2017.0,114.0,95.0,-2.0,2.0,-1.0,1.0
372,2016-12-14,BRK,LAL,2017.0,107.0,97.0,1.0,-1.0,3.0,-5.0
373,2016-12-14,DAL,DET,2017.0,85.0,95.0,6.0,-6.0,-1.0,-1.0
374,2016-12-14,HOU,SAC,2017.0,132.0,98.0,-14.0,14.0,1.0,-1.0
375,2016-12-14,MEM,CLE,2017.0,93.0,85.0,-7.0,7.0,1.0,5.0
376,2016-12-14,MIA,IND,2017.0,95.0,89.0,1.5,-1.5,1.0,1.0
377,2016-12-14,ORL,LAC,2017.0,108.0,113.0,8.5,-8.5,-1.0,-1.0
378,2016-12-14,PHI,TOR,2017.0,114.0,123.0,8.0,-8.0,3.0,3.0
379,2016-12-14,SAS,BOS,2017.0,108.0,101.0,-6.0,6.0,-1.0,1.0
380,2016-12-14,UTA,OKC,2017.0,109.0,89.0,-7.5,7.5,4.0,-1.0
381,2016-12-14,WAS,CHA,2017.0,109.0,106.0,2.0,-2.0,-1.0,1.0
382,2016-12-15,DEN,POR,2017.0,132.0,120.0,-2.5,2.5,-1.0,-1.0
383,2016-12-15,GSW,NYK,2017.0,103.0,90.0,-17.0,17.0,-3.0,1.0
384,2016-12-15,MIL,CHI,2017.0,108.0,97.0,0.0,0.0,-1.0,-3.0
385,2016-12-15,NOP,IND,2017.0,102.0,95.0,-2.5,2.5,-1.0,1.0
386,2016-12-15,PHO,SAS,2017.0,92.0,107.0,8.0,-8.0,-1.0,1.0
387,2016-12-16,BOS,CHA,2017.0,96.0,88.0,-6.0,6.0,1.0,-1.0
388,2016-12-16,CHI,MIL,2017.0,69.0,95.0,-5.5,5.5,-3.0,-1.0
389,2016-12-16,HOU,NOP,2017.0,122.0,100.0,-11.5,11.5,3.0,1.0
390,2016-12-16,MEM,SAC,2017.0,92.0,96.0,-5.0,5.0,1.0,-1.0
391,2016-12-16,MIA,LAC,2017.0,98.0,102.0,8.0,-8.0,3.0,-3.0
392,2016-12-16,ORL,BRK,2017.0,118.0,111.0,-7.0,7.0,-1.0,3.0
393,2016-12-16,PHI,LAL,2017.0,89.0,100.0,-1.0,1.0,1.0,-5.0
394,2016-12-16,TOR,ATL,2017.0,121.0,125.0,-6.5,6.5,3.0,-3.0
395,2016-12-16,UTA,DAL,2017.0,103.0,100.0,-11.0,11.0,5.0,-1.0
396,2016-12-16,WAS,DET,2017.0,122.0,108.0,1.5,-1.5,1.0,1.0
397,2016-12-17,ATL,CHA,2017.0,99.0,107.0,-2.5,2.5,-1.0,-3.0
398,2016-12-17,CLE,LAL,2017.0,119.0,108.0,-15.5,15.5,3.0,-3.0
399,2016-12-17,DEN,NYK,2017.0,127.0,114.0,-4.0,4.0,-1.0,1.0
400,2016-12-17,DET,IND,2017.0,90.0,105.0,-4.5,4.5,-1.0,-1.0
401,2016-12-17,GSW,POR,2017.0,135.0,90.0,-14.0,14.0,-5.0,-1.0
402,2016-12-17,MIN,HOU,2017.0,109.0,111.0,2.5,-2.5,-1.0,3.0
403,2016-12-17,OKC,PHO,2017.0,114.0,101.0,-6.0,6.0,-3.0,-1.0
404,2016-12-18,DAL,SAC,2017.0,99.0,79.0,1.0,-1.0,1.0,-1.0
405,2016-12-18,MEM,UTA,2017.0,73.0,82.0,1.5,-1.5,1.0,3.0
406,2016-12-18,MIA,BOS,2017.0,95.0,105.0,4.5,-4.5,3.0,1.0
407,2016-12-18,ORL,TOR,2017.0,79.0,109.0,6.0,-6.0,0.0,3.0
408,2016-12-18,PHI,BRK,2017.0,108.0,107.0,-1.0,1.0,1.0,2.0
409,2016-12-18,SAS,NOP,2017.0,113.0,100.0,-12.0,12.0,3.0,1.0
410,2016-12-18,WAS,LAC,2017.0,117.0,110.0,5.5,-5.5,3.0,-3.0
411,2016-12-19,CHI,DET,2017.0,113.0,82.0,-2.5,2.5,-3.0,-1.0
412,2016-12-19,DEN,DAL,2017.0,117.0,107.0,-8.0,8.0,1.0,1.0
413,2016-12-19,IND,WAS,2017.0,107.0,105.0,-5.0,5.0,1.0,3.0
414,2016-12-19,MIN,PHO,2017.0,115.0,108.0,-6.0,6.0,1.0,-1.0
415,2016-12-19,OKC,ATL,2017.0,108.0,110.0,-3.0,3.0,-3.0,-1.0
416,2016-12-20,CHA,LAL,2017.0,117.0,113.0,-8.5,8.5,-3.0,-1.0
417,2016-12-20,GSW,UTA,2017.0,104.0,74.0,-12.5,12.5,-3.0,3.0
418,2016-12-20,HOU,SAS,2017.0,100.0,102.0,-1.0,1.0,1.0,3.0
419,2016-12-20,LAC,DEN,2017.0,119.0,102.0,-8.0,8.0,-3.0,3.0
420,2016-12-20,MEM,BOS,2017.0,109.0,112.0,2.5,-2.5,-1.0,1.0
421,2016-12-20,MIA,ORL,2017.0,130.0,136.0,-3.5,3.5,3.0,0.0
422,2016-12-20,MIL,CLE,2017.0,108.0,114.0,3.5,-3.5,-1.0,1.0
423,2016-12-20,NYK,IND,2017.0,118.0,111.0,-4.5,4.5,1.0,-1.0
424,2016-12-20,PHI,NOP,2017.0,93.0,108.0,3.5,-3.5,0.0,1.0
425,2016-12-20,SAC,POR,2017.0,126.0,121.0,1.0,-1.0,-1.0,-1.0
426,2016-12-20,TOR,BRK,2017.0,116.0,104.0,-15.5,15.5,3.0,1.0
427,2016-12-21,ATL,MIN,2017.0,84.0,92.0,-4.0,4.0,1.0,3.0
428,2016-12-21,CHI,WAS,2017.0,97.0,107.0,-4.0,4.0,-3.0,3.0
429,2016-12-21,CLE,MIL,2017.0,113.0,102.0,-6.5,6.5,1.0,-1.0
430,2016-12-21,DET,MEM,2017.0,86.0,98.0,-6.0,6.0,-3.0,-3.0
431,2016-12-21,NOP,OKC,2017.0,110.0,121.0,1.5,-1.5,1.0,-3.0
432,2016-12-21,PHO,HOU,2017.0,111.0,125.0,6.0,-6.0,-3.0,-1.0
433,2016-12-21,POR,DAL,2017.0,95.0,96.0,-6.0,6.0,-1.0,1.0
434,2016-12-21,UTA,SAC,2017.0,93.0,94.0,-8.0,8.0,1.0,1.0
435,2016-12-22,BRK,GSW,2017.0,101.0,117.0,13.5,-13.5,3.0,-1.0
436,2016-12-22,IND,BOS,2017.0,102.0,109.0,1.5,-1.5,-3.0,3.0
437,2016-12-22,LAC,SAS,2017.0,106.0,101.0,2.0,-2.0,-3.0,5.0
438,2016-12-22,MIA,LAL,2017.0,115.0,107.0,-6.0,6.0,1.0,1.0
439,2016-12-22,NYK,ORL,2017.0,106.0,95.0,-4.5,4.5,1.0,2.0
440,2016-12-23,BOS,OKC,2017.0,112.0,117.0,-5.5,5.5,3.0,-1.0
441,2016-12-23,CHA,CHI,2017.0,103.0,91.0,-4.5,4.5,-3.0,-3.0
442,2016-12-23,CLE,BRK,2017.0,119.0,99.0,-16.5,16.5,1.0,1.0
443,2016-12-23,DEN,ATL,2017.0,108.0,109.0,-5.5,5.5,1.0,-1.0
444,2016-12-23,DET,GSW,2017.0,113.0,119.0,7.0,-7.0,-3.0,1.0
445,2016-12-23,LAC,DAL,2017.0,88.0,90.0,-3.5,3.5,-1.0,1.0
446,2016-12-23,MEM,HOU,2017.0,115.0,109.0,3.5,-3.5,-1.0,1.0
447,2016-12-23,MIL,WAS,2017.0,123.0,96.0,-3.0,3.0,-1.0,5.0
448,2016-12-23,MIN,SAC,2017.0,105.0,109.0,-5.0,5.0,5.0,1.0
449,2016-12-23,NOP,MIA,2017.0,91.0,87.0,-5.0,5.0,-1.0,1.0
450,2016-12-23,ORL,LAL,2017.0,109.0,90.0,-4.5,4.5,0.0,1.0
451,2016-12-23,PHO,PHI,2017.0,123.0,116.0,-5.5,5.5,-3.0,-2.0
452,2016-12-23,POR,SAS,2017.0,90.0,110.0,2.0,-2.0,-3.0,3.0
453,2016-12-23,UTA,TOR,2017.0,98.0,104.0,1.0,-1.0,-1.0,1.0
454,2016-12-25,CLE,GSW,2017.0,109.0,108.0,3.5,-3.5,1.0,1.0
455,2016-12-25,LAL,LAC,2017.0,111.0,102.0,8.0,-8.0,1.0,-1.0
456,2016-12-25,NYK,BOS,2017.0,114.0,119.0,2.0,-2.0,1.0,3.0
457,2016-12-25,OKC,MIN,2017.0,112.0,100.0,-4.0,4.0,1.0,3.0
458,2016-12-25,SAS,CHI,2017.0,119.0,100.0,-8.5,8.5,3.0,-3.0
459,2016-12-26,BRK,CHA,2017.0,120.0,118.0,6.5,-6.5,-1.0,-1.0
460,2016-12-26,CHI,IND,2017.0,90.0,85.0,-2.0,2.0,-3.0,-3.0
461,2016-12-26,DET,CLE,2017.0,106.0,90.0,-5.0,5.0,-3.0,3.0
462,2016-12-26,HOU,PHO,2017.0,131.0,115.0,-12.5,12.5,-1.0,-3.0
463,2016-12-26,LAC,DEN,2017.0,102.0,106.0,4.5,-4.5,-1.0,1.0
464,2016-12-26,MIN,ATL,2017.0,104.0,90.0,2.0,-2.0,1.0,1.0
465,2016-12-26,NOP,DAL,2017.0,111.0,104.0,-4.5,4.5,-3.0,3.0
466,2016-12-26,ORL,MEM,2017.0,112.0,102.0,3.5,-3.5,0.0,-1.0
467,2016-12-26,POR,TOR,2017.0,91.0,95.0,8.0,-8.0,-5.0,1.0
468,2016-12-26,SAC,PHI,2017.0,102.0,100.0,-8.0,8.0,3.0,-4.0
469,2016-12-26,WAS,MIL,2017.0,107.0,102.0,-3.5,3.5,3.0,1.0
470,2016-12-27,BOS,MEM,2017.0,113.0,103.0,-7.0,7.0,3.0,-1.0
471,2016-12-27,DAL,HOU,2017.0,107.0,123.0,5.0,-5.0,1.0,-1.0
472,2016-12-27,LAL,UTA,2017.0,100.0,102.0,5.5,-5.5,1.0,-3.0
473,2016-12-27,MIA,OKC,2017.0,94.0,106.0,5.0,-5.0,1.0,3.0
474,2016-12-28,ATL,NYK,2017.0,102.0,98.0,-5.5,5.5,-1.0,1.0
475,2016-12-28,CHI,BRK,2017.0,101.0,99.0,-9.5,9.5,-1.0,0.0
476,2016-12-28,DEN,MIN,2017.0,105.0,103.0,-4.0,4.0,-1.0,1.0
477,2016-12-28,DET,MIL,2017.0,94.0,119.0,-3.5,3.5,-1.0,-1.0
478,2016-12-28,GSW,TOR,2017.0,121.0,111.0,-9.5,9.5,1.0,-1.0
479,2016-12-28,NOP,LAC,2017.0,102.0,98.0,1.5,-1.5,-1.0,1.0
480,2016-12-28,ORL,CHA,2017.0,101.0,120.0,4.5,-4.5,1.0,-1.0
481,2016-12-28,POR,SAC,2017.0,102.0,89.0,-2.0,2.0,-3.0,1.0
482,2016-12-28,SAS,PHO,2017.0,119.0,98.0,-11.0,11.0,3.0,-3.0
483,2016-12-28,WAS,IND,2017.0,111.0,105.0,-4.0,4.0,3.0,-3.0
484,2016-12-29,CHA,MIA,2017.0,91.0,82.0,-6.0,6.0,1.0,-1.0
485,2016-12-29,CLE,BOS,2017.0,124.0,118.0,-6.0,6.0,3.0,3.0
486,2016-12-29,LAL,DAL,2017.0,89.0,101.0,-4.0,4.0,1.0,-1.0
487,2016-12-29,MEM,OKC,2017.0,114.0,80.0,-1.5,1.5,-1.0,3.0
488,2016-12-29,PHO,TOR,2017.0,99.0,91.0,8.5,-8.5,-3.0,-1.0
489,2016-12-29,UTA,PHI,2017.0,100.0,83.0,-14.5,14.5,-3.0,-2.0
490,2016-12-30,ATL,DET,2017.0,105.0,98.0,-2.0,2.0,-1.0,-1.0
491,2016-12-30,BOS,MIA,2017.0,117.0,114.0,-9.5,9.5,2.0,-1.0
492,2016-12-30,DEN,PHI,2017.0,122.0,124.0,-10.0,10.0,-3.0,-2.0
493,2016-12-30,GSW,DAL,2017.0,108.0,99.0,-18.0,18.0,1.0,1.0
494,2016-12-30,HOU,LAC,2017.0,140.0,116.0,-10.5,10.5,1.0,-1.0
495,2016-12-30,IND,CHI,2017.0,111.0,101.0,-4.0,4.0,-5.0,-3.0
496,2016-12-30,MIN,MIL,2017.0,116.0,99.0,0.0,0.0,1.0,-1.0
497,2016-12-30,NOP,NYK,2017.0,104.0,92.0,-3.0,3.0,1.0,1.0
498,2016-12-30,SAS,POR,2017.0,110.0,94.0,-10.0,10.0,3.0,-1.0
499,2016-12-30,WAS,BRK,2017.0,118.0,95.0,-7.0,7.0,3.0,1.0
500,2016-12-31,CHA,CLE,2017.0,109.0,121.0,1.0,-1.0,1.0,2.0
501,2016-12-31,CHI,MIL,2017.0,96.0,116.0,-3.0,3.0,-3.0,-1.0
502,2016-12-31,HOU,NYK,2017.0,129.0,122.0,-12.5,12.5,3.0,1.0
503,2016-12-31,OKC,LAC,2017.0,114.0,88.0,-9.0,9.0,3.0,-3.0
504,2016-12-31,SAC,MEM,2017.0,98.0,112.0,2.0,-2.0,1.0,1.0
505,2016-12-31,UTA,PHO,2017.0,91.0,86.0,-11.5,11.5,-3.0,-1.0
506,2017-01-01,ATL,SAS,2017.0,114.0,112.0,5.0,-5.0,-1.0,3.0
507,2017-01-01,IND,ORL,2017.0,117.0,104.0,-5.5,5.5,-3.0,1.0
508,2017-01-01,LAL,TOR,2017.0,114.0,123.0,8.0,-8.0,-1.0,-3.0
509,2017-01-01,MIA,DET,2017.0,98.0,107.0,6.5,-6.5,1.0,-1.0
510,2017-01-01,MIN,POR,2017.0,89.0,95.0,-6.0,6.0,1.0,-1.0
511,2017-01-02,BRK,UTA,2017.0,89.0,101.0,6.5,-6.5,-1.0,-3.0
512,2017-01-02,CHI,CHA,2017.0,118.0,111.0,1.0,-1.0,-3.0,1.0
513,2017-01-02,CLE,NOP,2017.0,90.0,82.0,-9.0,9.0,2.0,1.0
514,2017-01-02,GSW,DEN,2017.0,127.0,119.0,-15.5,15.5,-1.0,-5.0
515,2017-01-02,HOU,WAS,2017.0,101.0,91.0,-7.5,7.5,1.0,3.0
516,2017-01-02,LAC,PHO,2017.0,109.0,98.0,-4.5,4.5,-3.0,1.0
517,2017-01-02,MIL,OKC,2017.0,98.0,94.0,-1.5,1.5,1.0,3.0
518,2017-01-02,NYK,ORL,2017.0,103.0,115.0,-4.0,4.0,1.0,-1.0
519,2017-01-03,BOS,UTA,2017.0,115.0,104.0,-5.5,5.5,0.0,-1.0
520,2017-01-03,DAL,WAS,2017.0,113.0,105.0,-1.0,1.0,1.0,1.0
521,2017-01-03,DEN,SAC,2017.0,113.0,120.0,-3.5,3.5,-3.0,-1.0
522,2017-01-03,DET,IND,2017.0,116.0,121.0,-5.0,5.0,1.0,-1.0
523,2017-01-03,LAL,MEM,2017.0,116.0,102.0,4.5,-4.5,-1.0,1.0
524,2017-01-03,PHI,MIN,2017.0,93.0,91.0,4.5,-4.5,-1.0,1.0
525,2017-01-03,PHO,MIA,2017.0,99.0,90.0,-5.0,5.0,-1.0,-1.0
526,2017-01-03,SAS,TOR,2017.0,110.0,82.0,-5.5,5.5,3.0,-1.0
527,2017-01-04,CHA,OKC,2017.0,123.0,112.0,-2.0,2.0,-1.0,1.0
528,2017-01-04,CLE,CHI,2017.0,94.0,106.0,-3.5,3.5,0.0,-1.0
529,2017-01-04,GSW,POR,2017.0,125.0,117.0,-16.0,16.0,-3.0,1.0
530,2017-01-04,LAC,MEM,2017.0,115.0,106.0,1.5,-1.5,-1.0,-1.0
531,2017-01-04,NYK,MIL,2017.0,104.0,105.0,3.5,-3.5,-1.0,1.0
532,2017-01-04,ORL,ATL,2017.0,92.0,111.0,2.0,-2.0,1.0,1.0
533,2017-01-04,SAC,MIA,2017.0,102.0,107.0,-8.0,8.0,-1.0,-3.0
534,2017-01-05,DAL,PHO,2017.0,95.0,102.0,-5.5,5.5,1.0,1.0
535,2017-01-05,DEN,SAS,2017.0,99.0,127.0,7.0,-7.0,-3.0,3.0
536,2017-01-05,DET,CHA,2017.0,115.0,114.0,-5.0,5.0,-1.0,1.0
537,2017-01-05,HOU,OKC,2017.0,118.0,116.0,-8.0,8.0,3.0,-1.0
538,2017-01-05,IND,BRK,2017.0,121.0,109.0,-10.5,10.5,1.0,-1.0
539,2017-01-05,NOP,ATL,2017.0,94.0,99.0,-2.0,2.0,3.0,1.0
540,2017-01-05,POR,LAL,2017.0,118.0,109.0,-6.5,6.5,3.0,1.0
541,2017-01-05,TOR,UTA,2017.0,101.0,93.0,-4.5,4.5,-3.0,-1.0
542,2017-01-06,BOS,PHI,2017.0,110.0,106.0,-11.0,11.0,2.0,1.0
543,2017-01-06,BRK,CLE,2017.0,108.0,116.0,13.0,-13.0,-1.0,-2.0
544,2017-01-06,GSW,MEM,2017.0,119.0,128.0,-13.5,13.5,-3.0,-1.0
545,2017-01-06,LAL,MIA,2017.0,127.0,100.0,-2.5,2.5,-1.0,-1.0
546,2017-01-06,MIL,NYK,2017.0,111.0,116.0,-5.0,5.0,1.0,1.0
547,2017-01-06,ORL,HOU,2017.0,93.0,100.0,5.0,-5.0,-1.0,1.0
548,2017-01-06,SAC,LAC,2017.0,98.0,106.0,2.0,-2.0,-3.0,-1.0
549,2017-01-06,WAS,MIN,2017.0,112.0,105.0,-4.5,4.5,1.0,1.0
550,2017-01-07,BOS,NOP,2017.0,117.0,108.0,-6.0,6.0,0.0,3.0
551,2017-01-07,CHI,TOR,2017.0,123.0,118.0,1.5,-1.5,-1.0,-1.0
552,2017-01-07,DAL,ATL,2017.0,82.0,97.0,1.0,-1.0,1.0,3.0
553,2017-01-07,IND,NYK,2017.0,123.0,109.0,-7.0,7.0,3.0,1.0
554,2017-01-07,MIN,UTA,2017.0,92.0,94.0,4.5,-4.5,-1.0,-1.0
555,2017-01-07,OKC,DEN,2017.0,121.0,106.0,-7.5,7.5,-1.0,-3.0
556,2017-01-07,SAS,CHA,2017.0,102.0,85.0,-11.0,11.0,3.0,1.0
557,2017-01-08,BRK,PHI,2017.0,95.0,105.0,-1.0,1.0,-1.0,3.0
558,2017-01-08,LAC,MIA,2017.0,98.0,86.0,-9.0,9.0,1.0,-1.0
559,2017-01-08,LAL,ORL,2017.0,111.0,95.0,-2.5,2.5,-1.0,-3.0
560,2017-01-08,MEM,UTA,2017.0,88.0,79.0,-2.5,2.5,1.0,-3.0
561,2017-01-08,MIL,WAS,2017.0,101.0,107.0,-4.5,4.5,-1.0,1.0
562,2017-01-08,PHO,CLE,2017.0,116.0,120.0,8.5,-8.5,3.0,-2.0
563,2017-01-08,POR,DET,2017.0,124.0,125.0,-3.5,3.5,3.0,-3.0
564,2017-01-08,SAC,GSW,2017.0,106.0,117.0,11.5,-11.5,-3.0,-3.0
565,2017-01-08,TOR,HOU,2017.0,122.0,129.0,2.0,-2.0,-1.0,1.0
566,2017-01-09,CHI,OKC,2017.0,94.0,109.0,1.0,-1.0,1.0,1.0
567,2017-01-09,MIN,DAL,2017.0,101.0,92.0,-4.5,4.5,-1.0,1.0
568,2017-01-09,NYK,NOP,2017.0,96.0,110.0,-3.5,3.5,1.0,1.0
569,2017-01-10,BRK,ATL,2017.0,97.0,117.0,8.5,-8.5,-3.0,5.0
570,2017-01-10,GSW,MIA,2017.0,107.0,95.0,-14.5,14.5,-5.0,-3.0
571,2017-01-10,HOU,CHA,2017.0,121.0,114.0,-8.5,8.5,1.0,-1.0
572,2017-01-10,LAL,POR,2017.0,87.0,108.0,2.0,-2.0,1.0,1.0
573,2017-01-10,SAC,DET,2017.0,100.0,94.0,-3.0,3.0,-1.0,-1.0
574,2017-01-10,SAS,MIL,2017.0,107.0,109.0,-10.0,10.0,3.0,-1.0
575,2017-01-10,TOR,BOS,2017.0,114.0,106.0,-5.5,5.5,-1.0,0.0
576,2017-01-10,UTA,CLE,2017.0,100.0,92.0,1.0,-1.0,-3.0,-3.0
577,2017-01-10,WAS,CHI,2017.0,101.0,99.0,-12.0,12.0,1.0,1.0
578,2017-01-11,BOS,WAS,2017.0,117.0,108.0,-5.5,5.5,-1.0,-1.0
579,2017-01-11,LAC,ORL,2017.0,105.0,96.0,-10.0,10.0,3.0,-3.0
580,2017-01-11,MIN,HOU,2017.0,119.0,105.0,3.0,-3.0,-1.0,1.0
581,2017-01-11,OKC,MEM,2017.0,103.0,95.0,-4.5,4.5,1.0,1.0
582,2017-01-11,PHI,NYK,2017.0,98.0,97.0,2.0,-2.0,3.0,-1.0
583,2017-01-11,POR,CLE,2017.0,102.0,86.0,5.0,-5.0,3.0,-5.0
584,2017-01-12,BRK,NOP,2017.0,95.0,104.0,-2.5,2.5,-3.0,1.0
585,2017-01-12,DEN,IND,2017.0,140.0,112.0,4.5,-4.5,-3.0,5.0
586,2017-01-12,GSW,DET,2017.0,127.0,107.0,-13.5,13.5,-5.0,-1.0
587,2017-01-12,NYK,CHI,2017.0,104.0,89.0,-3.0,3.0,-1.0,3.0
588,2017-01-12,PHO,DAL,2017.0,108.0,113.0,2.0,-2.0,3.0,-1.0
589,2017-01-12,SAS,LAL,2017.0,134.0,94.0,-14.0,14.0,1.0,1.0
590,2017-01-13,ATL,BOS,2017.0,101.0,103.0,-4.0,4.0,5.0,1.0
591,2017-01-13,HOU,MEM,2017.0,105.0,110.0,-7.5,7.5,-1.0,-1.0
592,2017-01-13,MIL,MIA,2017.0,116.0,108.0,-7.5,7.5,-1.0,-1.0
593,2017-01-13,MIN,OKC,2017.0,96.0,86.0,2.0,-2.0,1.0,3.0
594,2017-01-13,PHI,CHA,2017.0,102.0,93.0,5.0,-5.0,5.0,1.0
595,2017-01-13,POR,ORL,2017.0,109.0,115.0,-7.0,7.0,3.0,-1.0
596,2017-01-13,SAC,CLE,2017.0,108.0,120.0,6.5,-6.5,1.0,-5.0
597,2017-01-13,TOR,BRK,2017.0,132.0,113.0,-15.0,15.0,-1.0,-3.0
598,2017-01-13,UTA,DET,2017.0,110.0,77.0,-11.5,11.5,-3.0,-3.0
599,2017-01-14,CHI,NOP,2017.0,107.0,99.0,-3.5,3.5,1.0,1.0
600,2017-01-14,LAC,LAL,2017.0,113.0,97.0,-11.5,11.5,3.0,-1.0
601,2017-01-14,PHO,SAS,2017.0,108.0,105.0,12.5,-12.5,1.0,3.0
602,2017-01-14,UTA,ORL,2017.0,114.0,107.0,-11.0,11.0,-1.0,-1.0
603,2017-01-14,WAS,PHI,2017.0,109.0,93.0,-10.0,10.0,-1.0,5.0
604,2017-01-15,ATL,MIL,2017.0,111.0,98.0,-4.0,4.0,3.0,-1.0
605,2017-01-15,BRK,HOU,2017.0,112.0,137.0,14.0,-14.0,-3.0,-1.0
606,2017-01-15,DAL,MIN,2017.0,98.0,87.0,0.0,0.0,-1.0,3.0
607,2017-01-15,LAL,DET,2017.0,97.0,102.0,2.0,-2.0,-1.0,-3.0
608,2017-01-15,MEM,CHI,2017.0,104.0,108.0,-8.5,8.5,1.0,1.0
609,2017-01-15,SAC,OKC,2017.0,118.0,122.0,1.5,-1.5,-1.0,3.0
610,2017-01-15,TOR,NYK,2017.0,116.0,101.0,-10.0,10.0,1.0,-1.0
611,2017-01-16,BOS,CHA,2017.0,108.0,98.0,-5.0,5.0,1.0,1.0
612,2017-01-16,DEN,ORL,2017.0,125.0,112.0,-6.0,6.0,-1.0,1.0
613,2017-01-16,GSW,CLE,2017.0,126.0,91.0,-9.0,9.0,-3.0,-3.0
614,2017-01-16,IND,NOP,2017.0,98.0,95.0,-5.0,5.0,3.0,-1.0
615,2017-01-16,LAC,OKC,2017.0,120.0,98.0,-8.0,8.0,3.0,3.0
616,2017-01-16,MIL,PHI,2017.0,104.0,113.0,-8.5,8.5,-1.0,3.0
617,2017-01-16,NYK,ATL,2017.0,107.0,108.0,2.5,-2.5,-3.0,3.0
618,2017-01-16,PHO,UTA,2017.0,101.0,106.0,6.0,-6.0,3.0,-1.0
619,2017-01-16,WAS,POR,2017.0,120.0,101.0,-3.5,3.5,1.0,1.0
620,2017-01-17,BRK,TOR,2017.0,109.0,119.0,8.0,-8.0,-5.0,1.0
621,2017-01-17,CHI,DAL,2017.0,98.0,99.0,-4.5,4.5,1.0,-1.0
622,2017-01-17,LAL,DEN,2017.0,121.0,127.0,0.0,0.0,-3.0,-1.0
623,2017-01-17,MIA,HOU,2017.0,109.0,103.0,7.0,-7.0,-1.0,-1.0
624,2017-01-17,SAS,MIN,2017.0,122.0,114.0,-12.0,12.0,1.0,3.0
625,2017-01-18,BOS,NYK,2017.0,106.0,117.0,-9.0,9.0,3.0,-1.0
626,2017-01-18,CHA,POR,2017.0,107.0,85.0,-5.0,5.0,-1.0,-1.0
627,2017-01-18,DET,ATL,2017.0,118.0,95.0,2.5,-2.5,-1.0,1.0
628,2017-01-18,GSW,OKC,2017.0,121.0,100.0,-15.0,15.0,-1.0,1.0
629,2017-01-18,HOU,MIL,2017.0,111.0,92.0,-6.0,6.0,-3.0,-1.0
630,2017-01-18,NOP,ORL,2017.0,118.0,98.0,-5.0,5.0,1.0,1.0
631,2017-01-18,PHI,TOR,2017.0,94.0,89.0,5.5,-5.5,3.0,3.0
632,2017-01-18,SAC,IND,2017.0,100.0,106.0,-2.5,2.5,-1.0,1.0
633,2017-01-18,WAS,MEM,2017.0,104.0,101.0,-2.0,2.0,1.0,1.0
634,2017-01-19,CLE,PHO,2017.0,118.0,103.0,-11.5,11.5,-3.0,3.0
635,2017-01-19,LAC,MIN,2017.0,101.0,104.0,1.5,-1.5,3.0,3.0
636,2017-01-19,MIA,DAL,2017.0,99.0,95.0,-2.0,2.0,-1.0,1.0
637,2017-01-19,NYK,WAS,2017.0,110.0,113.0,1.5,-1.5,1.0,1.0
638,2017-01-19,SAS,DEN,2017.0,118.0,104.0,-13.0,13.0,-1.0,1.0
639,2017-01-20,ATL,CHI,2017.0,102.0,93.0,-4.0,4.0,-1.0,1.0
640,2017-01-20,CHA,TOR,2017.0,113.0,78.0,-1.5,1.5,-1.0,3.0
641,2017-01-20,DAL,UTA,2017.0,107.0,112.0,5.5,-5.5,1.0,-1.0
642,2017-01-20,HOU,GSW,2017.0,108.0,125.0,5.5,-5.5,-1.0,1.0
643,2017-01-20,LAL,IND,2017.0,108.0,96.0,4.0,-4.0,-5.0,1.0
644,2017-01-20,MEM,SAC,2017.0,107.0,91.0,-8.0,8.0,-1.0,-1.0
645,2017-01-20,NOP,BRK,2017.0,114.0,143.0,-10.0,10.0,3.0,-5.0
646,2017-01-20,ORL,MIL,2017.0,112.0,96.0,3.5,-3.5,1.0,-1.0
647,2017-01-20,PHI,POR,2017.0,93.0,92.0,2.5,-2.5,3.0,-1.0
648,2017-01-21,ATL,PHI,2017.0,110.0,93.0,-10.0,10.0,-1.0,3.0
649,2017-01-21,BOS,POR,2017.0,123.0,127.0,-7.5,7.5,1.0,-3.0
650,2017-01-21,CHA,BRK,2017.0,112.0,105.0,-12.0,12.0,1.0,-3.0
651,2017-01-21,CHI,SAC,2017.0,102.0,99.0,-6.5,6.5,-1.0,-3.0
652,2017-01-21,CLE,SAS,2017.0,115.0,118.0,-3.5,3.5,-1.0,-1.0
653,2017-01-21,DEN,LAC,2017.0,123.0,98.0,-5.0,5.0,1.0,1.0
654,2017-01-21,DET,WAS,2017.0,113.0,112.0,-2.5,2.5,-1.0,3.0
655,2017-01-21,MEM,HOU,2017.0,95.0,119.0,0.0,0.0,-1.0,-1.0
656,2017-01-21,MIA,MIL,2017.0,109.0,97.0,2.0,-2.0,1.0,-3.0
657,2017-01-21,NYK,PHO,2017.0,105.0,107.0,-4.5,4.5,1.0,1.0
658,2017-01-21,UTA,IND,2017.0,109.0,100.0,-6.5,6.5,-1.0,-1.0
659,2017-01-22,DAL,LAL,2017.0,122.0,73.0,-6.0,6.0,3.0,-3.0
660,2017-01-22,MIN,DEN,2017.0,111.0,108.0,-3.5,3.5,3.0,3.0
661,2017-01-22,ORL,GSW,2017.0,98.0,118.0,13.5,-13.5,1.0,3.0
662,2017-01-22,TOR,PHO,2017.0,103.0,115.0,-12.5,12.5,1.0,1.0
663,2017-01-23,ATL,LAC,2017.0,105.0,115.0,-7.5,7.5,1.0,-1.0
664,2017-01-23,BRK,SAS,2017.0,86.0,112.0,8.5,-8.5,-1.0,1.0
665,2017-01-23,CHA,WAS,2017.0,99.0,109.0,-6.5,6.5,-1.0,5.0
666,2017-01-23,DET,SAC,2017.0,104.0,109.0,-7.0,7.0,-1.0,-3.0
667,2017-01-23,IND,NYK,2017.0,103.0,109.0,-5.0,5.0,-3.0,-1.0
668,2017-01-23,MIA,GSW,2017.0,105.0,102.0,11.0,-11.0,3.0,5.0
669,2017-01-23,MIL,HOU,2017.0,127.0,114.0,4.5,-4.5,-5.0,1.0
670,2017-01-23,NOP,CLE,2017.0,124.0,122.0,10.0,-10.0,1.0,-1.0
671,2017-01-23,UTA,OKC,2017.0,95.0,97.0,-5.0,5.0,-1.0,-1.0
672,2017-01-24,DEN,UTA,2017.0,103.0,93.0,-1.5,1.5,3.0,-3.0
673,2017-01-24,ORL,CHI,2017.0,92.0,100.0,3.0,-3.0,-1.0,-1.0
674,2017-01-24,PHI,LAC,2017.0,121.0,110.0,4.5,-4.5,1.0,1.0
675,2017-01-24,PHO,MIN,2017.0,111.0,112.0,1.5,-1.5,3.0,1.0
676,2017-01-24,TOR,SAS,2017.0,106.0,108.0,-2.5,2.5,-1.0,1.0
677,2017-01-24,WAS,BOS,2017.0,123.0,108.0,-1.5,1.5,5.0,1.0
678,2017-01-25,BOS,HOU,2017.0,120.0,109.0,4.0,-4.0,-1.0,-1.0
679,2017-01-25,BRK,MIA,2017.0,106.0,109.0,2.5,-2.5,-1.0,3.0
680,2017-01-25,CHA,GSW,2017.0,103.0,113.0,9.5,-9.5,-1.0,3.0
681,2017-01-25,CHI,ATL,2017.0,114.0,119.0,1.5,-1.5,-1.0,-1.0
682,2017-01-25,CLE,SAC,2017.0,112.0,116.0,-11.0,11.0,-1.0,-1.0
683,2017-01-25,DAL,NYK,2017.0,103.0,95.0,-2.5,2.5,3.0,1.0
684,2017-01-25,MEM,TOR,2017.0,101.0,99.0,-5.0,5.0,-1.0,-3.0
685,2017-01-25,MIL,PHI,2017.0,109.0,114.0,-11.0,11.0,-3.0,3.0
686,2017-01-25,NOP,OKC,2017.0,105.0,114.0,1.5,-1.5,1.0,-1.0
687,2017-01-25,POR,LAL,2017.0,105.0,98.0,-8.0,8.0,-3.0,-3.0
688,2017-01-26,DEN,PHO,2017.0,127.0,120.0,-7.0,7.0,3.0,3.0
689,2017-01-26,MIN,IND,2017.0,103.0,109.0,-3.0,3.0,-1.0,-3.0
690,2017-01-26,OKC,DAL,2017.0,109.0,98.0,-9.0,9.0,1.0,3.0
691,2017-01-26,UTA,LAL,2017.0,96.0,88.0,-14.0,14.0,-3.0,-1.0
692,2017-01-27,ATL,WAS,2017.0,86.0,112.0,-3.0,3.0,1.0,5.0
693,2017-01-27,BOS,ORL,2017.0,128.0,98.0,-7.0,7.0,-1.0,-3.0
694,2017-01-27,CHI,MIA,2017.0,88.0,100.0,-7.0,7.0,-3.0,5.0
695,2017-01-27,CLE,BRK,2017.0,124.0,116.0,-17.0,17.0,-3.0,-1.0
696,2017-01-27,IND,SAC,2017.0,115.0,111.0,-4.5,4.5,-1.0,1.0
697,2017-01-27,NOP,SAS,2017.0,119.0,103.0,7.0,-7.0,1.0,3.0
698,2017-01-27,NYK,CHA,2017.0,110.0,107.0,1.0,-1.0,-1.0,-1.0
699,2017-01-27,PHI,HOU,2017.0,118.0,123.0,7.0,-7.0,3.0,-1.0
700,2017-01-27,POR,MEM,2017.0,112.0,109.0,-1.0,1.0,-3.0,-3.0
701,2017-01-27,TOR,MIL,2017.0,102.0,86.0,-6.0,6.0,-3.0,-3.0
702,2017-01-28,CHA,SAC,2017.0,106.0,109.0,-7.0,7.0,-3.0,3.0
703,2017-01-28,GSW,LAC,2017.0,144.0,98.0,-13.0,13.0,3.0,-1.0
704,2017-01-28,MIA,DET,2017.0,116.0,103.0,3.0,-3.0,5.0,-1.0
705,2017-01-28,MIL,BOS,2017.0,108.0,112.0,-2.0,2.0,-3.0,-1.0
706,2017-01-28,MIN,BRK,2017.0,129.0,109.0,-10.5,10.5,-1.0,1.0
707,2017-01-28,PHO,DEN,2017.0,112.0,123.0,-3.5,3.5,2.0,2.0
708,2017-01-28,UTA,MEM,2017.0,95.0,102.0,-7.5,7.5,-3.0,-3.0
709,2017-01-29,ATL,NYK,2017.0,142.0,139.0,-6.0,6.0,1.0,-1.0
710,2017-01-29,CHI,PHI,2017.0,121.0,108.0,-6.5,6.5,-3.0,3.0
711,2017-01-29,CLE,OKC,2017.0,107.0,91.0,-8.0,8.0,-3.0,1.0
712,2017-01-29,IND,HOU,2017.0,120.0,101.0,3.0,-3.0,-3.0,-3.0
713,2017-01-29,NOP,WAS,2017.0,94.0,107.0,1.0,-1.0,1.0,5.0
714,2017-01-29,POR,GSW,2017.0,111.0,113.0,6.0,-6.0,-1.0,3.0
715,2017-01-29,SAS,DAL,2017.0,101.0,105.0,-12.0,12.0,3.0,1.0
716,2017-01-29,TOR,ORL,2017.0,113.0,114.0,-11.0,11.0,-1.0,-3.0
717,2017-01-30,BOS,DET,2017.0,113.0,109.0,-5.0,5.0,1.0,-1.0
718,2017-01-30,DAL,CLE,2017.0,104.0,97.0,4.5,-4.5,3.0,-3.0
719,2017-01-30,MIA,BRK,2017.0,104.0,96.0,-7.5,7.5,5.0,-1.0
720,2017-01-30,MIN,ORL,2017.0,111.0,105.0,-8.0,8.0,-1.0,-1.0
721,2017-01-30,PHI,SAC,2017.0,122.0,119.0,3.0,-3.0,1.0,5.0
722,2017-01-30,PHO,MEM,2017.0,96.0,115.0,3.5,-3.5,2.0,-1.0
723,2017-01-31,HOU,SAC,2017.0,105.0,83.0,-12.0,12.0,-3.0,3.0
724,2017-01-31,LAL,DEN,2017.0,120.0,116.0,-1.0,1.0,1.0,4.0
725,2017-01-31,POR,CHA,2017.0,115.0,98.0,-4.0,4.0,1.0,-5.0
726,2017-01-31,SAS,OKC,2017.0,108.0,94.0,-9.5,9.5,1.0,1.0
727,2017-01-31,TOR,NOP,2017.0,108.0,106.0,-7.5,7.5,-1.0,-1.0
728,2017-01-31,WAS,NYK,2017.0,117.0,101.0,-8.5,8.5,5.0,1.0
729,2017-02-01,BOS,TOR,2017.0,109.0,104.0,-6.0,6.0,1.0,-1.0
730,2017-02-01,BRK,NYK,2017.0,90.0,95.0,2.5,-2.5,-3.0,1.0
731,2017-02-01,CLE,MIN,2017.0,125.0,97.0,-6.5,6.5,-3.0,-3.0
732,2017-02-01,DAL,PHI,2017.0,113.0,95.0,-7.5,7.5,3.0,3.0
733,2017-02-01,DEN,MEM,2017.0,99.0,119.0,4.0,-4.0,2.0,-1.0
734,2017-02-01,DET,NOP,2017.0,118.0,98.0,-7.0,7.0,-1.0,1.0
735,2017-02-01,GSW,CHA,2017.0,126.0,111.0,-15.0,15.0,1.0,-5.0
736,2017-02-01,MIA,ATL,2017.0,116.0,93.0,-1.5,1.5,5.0,-1.0
737,2017-02-01,OKC,CHI,2017.0,100.0,128.0,-2.5,2.5,1.0,-1.0
738,2017-02-01,ORL,IND,2017.0,88.0,98.0,2.5,-2.5,-1.0,-1.0
739,2017-02-01,PHO,LAC,2017.0,114.0,124.0,2.5,-2.5,0.0,-3.0
740,2017-02-01,UTA,MIL,2017.0,104.0,88.0,-8.0,8.0,-3.0,-3.0
741,2017-02-02,HOU,ATL,2017.0,108.0,113.0,-9.5,9.5,-3.0,-3.0
742,2017-02-02,LAC,GSW,2017.0,120.0,133.0,7.5,-7.5,-1.0,0.0
743,2017-02-02,SAS,PHI,2017.0,102.0,86.0,-17.0,17.0,1.0,1.0
744,2017-02-02,WAS,LAL,2017.0,116.0,108.0,-10.5,10.5,5.0,3.0
745,2017-02-03,BOS,LAL,2017.0,113.0,107.0,-11.0,11.0,1.0,3.0
746,2017-02-03,BRK,IND,2017.0,97.0,106.0,6.5,-6.5,-3.0,1.0
747,2017-02-03,DEN,MIL,2017.0,121.0,117.0,-2.5,2.5,0.0,-3.0
748,2017-02-03,DET,MIN,2017.0,116.0,108.0,-4.5,4.5,-1.0,-3.0
749,2017-02-03,HOU,CHI,2017.0,121.0,117.0,-9.5,9.5,-3.0,1.0
750,2017-02-03,OKC,MEM,2017.0,114.0,102.0,1.0,-1.0,-1.0,1.0
751,2017-02-03,ORL,TOR,2017.0,102.0,94.0,5.0,-5.0,-1.0,1.0
752,2017-02-03,POR,DAL,2017.0,104.0,108.0,-6.0,6.0,3.0,3.0
753,2017-02-03,SAC,PHO,2017.0,103.0,105.0,-4.0,4.0,1.0,-2.0
754,2017-02-04,ATL,ORL,2017.0,113.0,86.0,-7.0,7.0,-1.0,1.0
755,2017-02-04,IND,DET,2017.0,105.0,84.0,-3.0,3.0,3.0,1.0
756,2017-02-04,MIA,PHI,2017.0,125.0,102.0,-9.5,9.5,5.0,1.0
757,2017-02-04,MIN,MEM,2017.0,99.0,107.0,-4.5,4.5,-3.0,1.0
758,2017-02-04,NYK,CLE,2017.0,104.0,111.0,4.5,-4.5,1.0,-1.0
759,2017-02-04,PHO,MIL,2017.0,112.0,137.0,1.5,-1.5,-2.0,-5.0
760,2017-02-04,SAC,GSW,2017.0,109.0,106.0,14.5,-14.5,-1.0,2.0
761,2017-02-04,SAS,DEN,2017.0,121.0,97.0,-13.0,13.0,-1.0,0.0
762,2017-02-04,UTA,CHA,2017.0,105.0,98.0,-8.0,8.0,-3.0,-4.0
763,2017-02-04,WAS,NOP,2017.0,105.0,91.0,-6.5,6.5,3.0,-1.0
764,2017-02-05,BOS,LAC,2017.0,107.0,102.0,-6.0,6.0,-1.0,-1.0
765,2017-02-05,BRK,TOR,2017.0,95.0,103.0,6.5,-6.5,-3.0,-1.0
766,2017-02-05,OKC,POR,2017.0,105.0,99.0,-5.0,5.0,-1.0,1.0
767,2017-02-06,ATL,UTA,2017.0,95.0,120.0,-1.5,1.5,-1.0,-3.0
768,2017-02-06,DEN,DAL,2017.0,110.0,87.0,-2.5,2.5,-1.0,3.0
769,2017-02-06,DET,PHI,2017.0,113.0,96.0,-8.5,8.5,1.0,-1.0
770,2017-02-06,IND,OKC,2017.0,93.0,90.0,-5.0,5.0,3.0,-1.0
771,2017-02-06,MEM,SAS,2017.0,89.0,74.0,-1.0,1.0,3.0,-1.0
772,2017-02-06,MIN,MIA,2017.0,113.0,115.0,-1.0,1.0,-3.0,5.0
773,2017-02-06,NOP,PHO,2017.0,111.0,106.0,-5.5,5.5,-1.0,-3.0
774,2017-02-06,NYK,LAL,2017.0,107.0,121.0,-5.0,5.0,1.0,5.0
775,2017-02-06,SAC,CHI,2017.0,107.0,112.0,-4.0,4.0,-1.0,1.0
776,2017-02-06,TOR,LAC,2017.0,118.0,109.0,-6.5,6.5,-1.0,-1.0
777,2017-02-06,WAS,CLE,2017.0,135.0,140.0,1.5,-1.5,3.0,1.0
778,2017-02-07,CHA,BRK,2017.0,111.0,107.0,-10.0,10.0,-2.0,-5.0
779,2017-02-07,DAL,POR,2017.0,113.0,114.0,2.5,-2.5,3.0,1.0
780,2017-02-07,HOU,ORL,2017.0,128.0,104.0,-12.5,12.5,-3.0,1.0
781,2017-02-08,ATL,DEN,2017.0,117.0,106.0,-3.5,3.5,-1.0,-1.0
782,2017-02-08,BRK,WAS,2017.0,110.0,114.0,10.0,-10.0,-3.0,1.0
783,2017-02-08,DET,LAL,2017.0,121.0,102.0,-6.5,6.5,3.0,5.0
784,2017-02-08,GSW,CHI,2017.0,123.0,92.0,-18.0,18.0,0.0,3.0
785,2017-02-08,IND,CLE,2017.0,117.0,132.0,3.5,-3.5,3.0,3.0
786,2017-02-08,MEM,PHO,2017.0,110.0,91.0,-7.5,7.5,3.0,-1.0
787,2017-02-08,MIL,MIA,2017.0,88.0,106.0,-4.0,4.0,-3.0,5.0
788,2017-02-08,MIN,TOR,2017.0,112.0,109.0,3.0,-3.0,-5.0,1.0
789,2017-02-08,NOP,UTA,2017.0,94.0,127.0,3.5,-3.5,-3.0,-1.0
790,2017-02-08,NYK,LAC,2017.0,115.0,119.0,0.0,0.0,-1.0,-1.0
791,2017-02-08,PHI,SAS,2017.0,103.0,111.0,12.0,-12.0,-1.0,-1.0
792,2017-02-08,SAC,BOS,2017.0,108.0,92.0,8.5,-8.5,-3.0,-3.0
793,2017-02-09,CHA,HOU,2017.0,95.0,107.0,2.5,-2.5,-2.0,-1.0
794,2017-02-09,DAL,UTA,2017.0,112.0,105.0,2.5,-2.5,3.0,1.0
795,2017-02-09,OKC,CLE,2017.0,118.0,109.0,-1.5,1.5,1.0,3.0
796,2017-02-09,ORL,PHI,2017.0,111.0,112.0,-6.5,6.5,-1.0,-1.0
797,2017-02-09,POR,BOS,2017.0,111.0,120.0,-3.0,3.0,-1.0,-5.0
798,2017-02-10,BRK,MIA,2017.0,99.0,108.0,5.5,-5.5,-1.0,5.0
799,2017-02-10,DET,SAS,2017.0,92.0,103.0,5.0,-5.0,3.0,-1.0
800,2017-02-10,MEM,GSW,2017.0,107.0,122.0,8.0,-8.0,3.0,0.0
801,2017-02-10,MIL,LAL,2017.0,114.0,122.0,-6.0,6.0,-3.0,3.0
802,2017-02-10,MIN,NOP,2017.0,106.0,122.0,-5.0,5.0,-3.0,-3.0
803,2017-02-10,NYK,DEN,2017.0,123.0,131.0,-1.5,1.5,-3.0,-1.0
804,2017-02-10,PHO,CHI,2017.0,115.0,97.0,3.0,-3.0,-1.0,3.0
805,2017-02-10,SAC,ATL,2017.0,108.0,107.0,2.0,-2.0,-1.0,1.0
806,2017-02-10,WAS,IND,2017.0,112.0,107.0,-5.5,5.5,-1.0,1.0
807,2017-02-11,CHA,LAC,2017.0,102.0,107.0,-2.5,2.5,-2.0,1.0
808,2017-02-11,CLE,DEN,2017.0,125.0,109.0,-12.0,12.0,3.0,1.0
809,2017-02-11,DAL,ORL,2017.0,112.0,80.0,-6.5,6.5,3.0,-3.0
810,2017-02-11,HOU,PHO,2017.0,133.0,102.0,-16.0,16.0,1.0,1.0
811,2017-02-11,IND,MIL,2017.0,100.0,116.0,-6.0,6.0,1.0,-3.0
812,2017-02-11,OKC,GSW,2017.0,114.0,130.0,8.0,-8.0,3.0,2.0
813,2017-02-11,PHI,MIA,2017.0,117.0,109.0,3.0,-3.0,1.0,5.0
814,2017-02-11,UTA,BOS,2017.0,104.0,112.0,-6.5,6.5,1.0,-3.0
815,2017-02-12,MIN,CHI,2017.0,117.0,89.0,-7.0,7.0,-3.0,1.0
816,2017-02-12,NYK,SAS,2017.0,94.0,90.0,9.5,-9.5,-3.0,-1.0
817,2017-02-12,SAC,NOP,2017.0,105.0,99.0,-4.0,4.0,1.0,-3.0
818,2017-02-12,TOR,DET,2017.0,101.0,102.0,-7.0,7.0,1.0,1.0
819,2017-02-13,BRK,MEM,2017.0,103.0,112.0,8.0,-8.0,-1.0,1.0
820,2017-02-13,CHA,PHI,2017.0,99.0,105.0,-7.5,7.5,-2.0,1.0
821,2017-02-13,DAL,BOS,2017.0,98.0,111.0,2.0,-2.0,3.0,-1.0
822,2017-02-13,DEN,GSW,2017.0,132.0,110.0,12.0,-12.0,-1.0,3.0
823,2017-02-13,IND,SAS,2017.0,106.0,110.0,5.0,-5.0,-1.0,-1.0
824,2017-02-13,MIA,ORL,2017.0,107.0,116.0,-7.5,7.5,3.0,-3.0
825,2017-02-13,MIL,DET,2017.0,102.0,89.0,-2.5,2.5,-1.0,1.0
826,2017-02-13,PHO,NOP,2017.0,108.0,110.0,-3.5,3.5,-1.0,-3.0
827,2017-02-13,POR,ATL,2017.0,104.0,109.0,-2.0,2.0,-3.0,1.0
828,2017-02-13,UTA,LAC,2017.0,72.0,88.0,-8.0,8.0,-1.0,1.0
829,2017-02-13,WAS,OKC,2017.0,120.0,98.0,-5.5,5.5,-3.0,3.0
830,2017-02-14,CHI,TOR,2017.0,105.0,94.0,4.0,-4.0,-1.0,-1.0
831,2017-02-14,LAL,SAC,2017.0,96.0,97.0,-2.5,2.5,3.0,3.0
832,2017-02-14,MIN,CLE,2017.0,108.0,116.0,3.5,-3.5,-1.0,3.0
833,2017-02-15,BOS,PHI,2017.0,116.0,108.0,-10.0,10.0,1.0,3.0
834,2017-02-15,BRK,MIL,2017.0,125.0,129.0,5.0,-5.0,-1.0,1.0
835,2017-02-15,CLE,IND,2017.0,113.0,104.0,-6.0,6.0,3.0,-1.0
836,2017-02-15,DEN,MIN,2017.0,99.0,112.0,-6.5,6.5,1.0,-1.0
837,2017-02-15,DET,DAL,2017.0,98.0,91.0,-4.5,4.5,1.0,1.0
838,2017-02-15,GSW,SAC,2017.0,109.0,86.0,-18.5,18.5,1.0,3.0
839,2017-02-15,HOU,MIA,2017.0,109.0,117.0,-10.5,10.5,1.0,1.0
840,2017-02-15,LAC,ATL,2017.0,99.0,84.0,-3.5,3.5,3.0,1.0
841,2017-02-15,MEM,NOP,2017.0,91.0,95.0,-8.0,8.0,3.0,-1.0
842,2017-02-15,OKC,NYK,2017.0,116.0,105.0,-7.5,7.5,1.0,-3.0
843,2017-02-15,ORL,SAS,2017.0,79.0,107.0,10.0,-10.0,-3.0,-3.0
844,2017-02-15,PHO,LAL,2017.0,137.0,101.0,-4.5,4.5,-1.0,1.0
845,2017-02-15,TOR,CHA,2017.0,90.0,85.0,-6.0,6.0,-1.0,-3.0
846,2017-02-15,UTA,POR,2017.0,111.0,88.0,-8.5,8.5,-1.0,-5.0
847,2017-02-16,CHI,BOS,2017.0,104.0,103.0,1.0,-1.0,-1.0,1.0
848,2017-02-16,IND,WAS,2017.0,98.0,111.0,3.0,-3.0,-1.0,-1.0
849,2017-02-23,CLE,NYK,2017.0,119.0,104.0,-10.5,10.5,3.0,-3.0
850,2017-02-23,DET,CHA,2017.0,114.0,108.0,-5.0,5.0,1.0,-3.0
851,2017-02-23,GSW,LAC,2017.0,123.0,113.0,-13.5,13.5,3.0,3.0
852,2017-02-23,NOP,HOU,2017.0,99.0,129.0,3.5,-3.5,1.0,1.0
853,2017-02-23,ORL,POR,2017.0,103.0,112.0,3.0,-3.0,-3.0,-5.0
854,2017-02-23,SAC,DEN,2017.0,116.0,100.0,6.5,-6.5,3.0,-1.0
855,2017-02-24,ATL,MIA,2017.0,90.0,108.0,-3.0,3.0,-1.0,1.0
856,2017-02-24,CHI,PHO,2017.0,128.0,121.0,-5.5,5.5,-1.0,-1.0
857,2017-02-24,DEN,BRK,2017.0,129.0,109.0,-10.0,10.0,-1.0,1.0
858,2017-02-24,IND,MEM,2017.0,102.0,92.0,1.0,-1.0,-1.0,1.0
859,2017-02-24,LAC,SAS,2017.0,97.0,105.0,2.5,-2.5,5.0,-1.0
860,2017-02-24,MIL,UTA,2017.0,95.0,109.0,3.5,-3.5,-1.0,-1.0
861,2017-02-24,MIN,DAL,2017.0,97.0,84.0,-4.0,4.0,1.0,1.0
862,2017-02-24,OKC,LAL,2017.0,110.0,93.0,-10.5,10.5,1.0,-1.0
863,2017-02-24,PHI,WAS,2017.0,120.0,112.0,8.5,-8.5,5.0,-1.0
864,2017-02-24,TOR,BOS,2017.0,107.0,97.0,-1.5,1.5,-3.0,1.0
865,2017-02-25,CLE,CHI,2017.0,99.0,117.0,-6.0,6.0,3.0,1.0
866,2017-02-25,DAL,NOP,2017.0,96.0,83.0,2.0,-2.0,-1.0,1.0
867,2017-02-25,GSW,BRK,2017.0,112.0,95.0,-21.0,21.0,1.0,-1.0
868,2017-02-25,HOU,MIN,2017.0,142.0,130.0,-12.5,12.5,3.0,1.0
869,2017-02-25,MIA,IND,2017.0,113.0,95.0,-4.5,4.5,1.0,-1.0
870,2017-02-25,NYK,PHI,2017.0,110.0,109.0,-6.5,6.5,-3.0,5.0
871,2017-02-25,ORL,ATL,2017.0,105.0,86.0,3.5,-3.5,-3.0,-1.0
872,2017-02-25,SAC,CHA,2017.0,85.0,99.0,3.5,-3.5,3.0,-3.0
873,2017-02-26,DEN,MEM,2017.0,98.0,105.0,-2.0,2.0,-1.0,-1.0
874,2017-02-26,DET,BOS,2017.0,98.0,104.0,2.0,-2.0,1.0,-1.0
875,2017-02-26,LAC,CHA,2017.0,124.0,121.0,-11.0,11.0,3.0,-1.0
876,2017-02-26,LAL,SAS,2017.0,98.0,119.0,12.0,-12.0,-3.0,1.0
877,2017-02-26,MIL,PHO,2017.0,100.0,96.0,-6.0,6.0,-1.0,-1.0
878,2017-02-26,OKC,NOP,2017.0,118.0,110.0,-6.5,6.5,1.0,-1.0
879,2017-02-26,TOR,POR,2017.0,112.0,106.0,-5.0,5.0,-3.0,-3.0
880,2017-02-26,WAS,UTA,2017.0,92.0,102.0,-2.0,2.0,-1.0,-1.0
881,2017-02-27,BOS,ATL,2017.0,98.0,114.0,-4.0,4.0,-1.0,-3.0
882,2017-02-27,CLE,MIL,2017.0,102.0,95.0,-9.5,9.5,3.0,-1.0
883,2017-02-27,DAL,MIA,2017.0,96.0,89.0,1.0,-1.0,-1.0,1.0
884,2017-02-27,HOU,IND,2017.0,108.0,117.0,-10.0,10.0,1.0,-1.0
885,2017-02-27,NYK,TOR,2017.0,91.0,92.0,3.5,-3.5,-3.0,-1.0
886,2017-02-27,PHI,GSW,2017.0,108.0,119.0,14.0,-14.0,5.0,-1.0
887,2017-02-27,SAC,MIN,2017.0,88.0,102.0,4.0,-4.0,1.0,3.0
888,2017-02-28,CHI,DEN,2017.0,107.0,125.0,-2.5,2.5,3.0,-1.0
889,2017-02-28,DET,POR,2017.0,120.0,113.0,-4.0,4.0,1.0,-3.0
890,2017-02-28,LAL,CHA,2017.0,104.0,109.0,5.0,-5.0,-3.0,1.0
891,2017-02-28,MEM,PHO,2017.0,130.0,112.0,-9.0,9.0,-1.0,-1.0
892,2017-02-28,OKC,UTA,2017.0,109.0,106.0,2.5,-2.5,1.0,1.0
893,2017-02-28,WAS,GSW,2017.0,112.0,108.0,7.0,-7.0,-1.0,-3.0
894,2017-03-01,ATL,DAL,2017.0,100.0,95.0,-6.0,6.0,-1.0,-1.0
895,2017-03-01,BOS,CLE,2017.0,103.0,99.0,-1.5,1.5,-3.0,1.0
896,2017-03-01,LAC,HOU,2017.0,103.0,122.0,-2.0,2.0,1.0,-1.0
897,2017-03-01,MIA,PHI,2017.0,125.0,98.0,-9.5,9.5,1.0,5.0
898,2017-03-01,MIL,DEN,2017.0,98.0,110.0,-4.5,4.5,-1.0,-1.0
899,2017-03-01,NOP,DET,2017.0,109.0,86.0,-2.5,2.5,-1.0,1.0
900,2017-03-01,ORL,NYK,2017.0,90.0,101.0,-2.5,2.5,-1.0,-1.0
901,2017-03-01,SAC,BRK,2017.0,100.0,109.0,-2.5,2.5,-1.0,-1.0
902,2017-03-01,SAS,IND,2017.0,100.0,99.0,-9.5,9.5,1.0,-1.0
903,2017-03-01,TOR,WAS,2017.0,96.0,105.0,-4.5,4.5,-1.0,1.0
904,2017-03-01,UTA,MIN,2017.0,80.0,107.0,-6.5,6.5,1.0,3.0
905,2017-03-02,CHI,GSW,2017.0,94.0,87.0,7.5,-7.5,3.0,-3.0
906,2017-03-02,PHO,CHA,2017.0,120.0,103.0,4.0,-4.0,-1.0,2.0
907,2017-03-02,POR,OKC,2017.0,114.0,109.0,1.0,-1.0,-3.0,3.0
908,2017-03-03,ATL,CLE,2017.0,130.0,135.0,2.5,-2.5,-3.0,-1.0
909,2017-03-03,DAL,MEM,2017.0,104.0,100.0,2.5,-2.5,1.0,1.0
910,2017-03-03,LAL,BOS,2017.0,95.0,115.0,7.0,-7.0,-4.0,-1.0
911,2017-03-03,MIL,LAC,2017.0,112.0,101.0,5.5,-5.5,-3.0,-1.0
912,2017-03-03,NOP,SAS,2017.0,98.0,101.0,6.0,-6.0,-1.0,1.0
913,2017-03-03,ORL,MIA,2017.0,110.0,99.0,4.5,-4.5,-1.0,3.0
914,2017-03-03,PHI,NYK,2017.0,105.0,102.0,1.5,-1.5,3.0,-1.0
915,2017-03-03,PHO,OKC,2017.0,118.0,111.0,5.0,-5.0,1.0,3.0
916,2017-03-03,UTA,BRK,2017.0,112.0,97.0,-12.5,12.5,1.0,1.0
917,2017-03-03,WAS,TOR,2017.0,106.0,114.0,-5.0,5.0,1.0,-1.0
918,2017-03-04,CHI,LAC,2017.0,91.0,101.0,3.0,-3.0,3.0,-3.0
919,2017-03-04,DEN,CHA,2017.0,102.0,112.0,-5.5,5.5,1.0,0.0
920,2017-03-04,HOU,MEM,2017.0,123.0,108.0,-8.5,8.5,-1.0,-1.0
921,2017-03-04,MIA,CLE,2017.0,120.0,92.0,-8.0,8.0,1.0,-1.0
922,2017-03-04,MIL,TOR,2017.0,101.0,94.0,0.0,0.0,-1.0,1.0
923,2017-03-04,PHI,DET,2017.0,106.0,136.0,5.5,-5.5,3.0,1.0
924,2017-03-04,POR,BRK,2017.0,130.0,116.0,-11.0,11.0,-1.0,1.0
925,2017-03-04,SAS,MIN,2017.0,97.0,90.0,-7.5,7.5,1.0,5.0
926,2017-03-05,ATL,IND,2017.0,96.0,97.0,-3.0,3.0,-3.0,1.0
927,2017-03-05,DAL,OKC,2017.0,104.0,89.0,-1.0,1.0,3.0,1.0
928,2017-03-05,LAL,NOP,2017.0,97.0,105.0,6.0,-6.0,-4.0,-1.0
929,2017-03-05,NYK,GSW,2017.0,105.0,112.0,10.5,-10.5,-1.0,-5.0
930,2017-03-05,PHO,BOS,2017.0,109.0,106.0,4.0,-4.0,1.0,1.0
931,2017-03-05,SAC,UTA,2017.0,109.0,110.0,10.5,-10.5,-3.0,1.0
932,2017-03-05,WAS,ORL,2017.0,115.0,114.0,-12.0,12.0,-1.0,-1.0
933,2017-03-06,ATL,GSW,2017.0,111.0,119.0,6.0,-6.0,-3.0,-5.0
934,2017-03-06,CHA,IND,2017.0,100.0,88.0,-4.5,4.5,2.0,3.0
935,2017-03-06,CLE,MIA,2017.0,98.0,106.0,-9.5,9.5,-3.0,1.0
936,2017-03-06,DEN,SAC,2017.0,108.0,96.0,-10.5,10.5,1.0,-1.0
937,2017-03-06,DET,CHI,2017.0,109.0,95.0,-6.0,6.0,1.0,1.0
938,2017-03-06,LAC,BOS,2017.0,116.0,102.0,-7.0,7.0,-3.0,1.0
939,2017-03-06,MEM,BRK,2017.0,109.0,122.0,-10.0,10.0,-1.0,-1.0
940,2017-03-06,ORL,NYK,2017.0,105.0,113.0,-3.0,3.0,1.0,1.0
941,2017-03-06,PHI,MIL,2017.0,98.0,112.0,5.5,-5.5,1.0,1.0
942,2017-03-06,SAS,HOU,2017.0,112.0,110.0,-3.5,3.5,-1.0,1.0
943,2017-03-06,UTA,NOP,2017.0,88.0,83.0,-5.0,5.0,-1.0,1.0
944,2017-03-07,DAL,LAL,2017.0,122.0,111.0,-9.0,9.0,5.0,-4.0
945,2017-03-07,OKC,POR,2017.0,121.0,126.0,-7.0,7.0,-1.0,1.0
946,2017-03-07,PHO,WAS,2017.0,127.0,131.0,5.5,-5.5,3.0,-1.0
947,2017-03-08,ATL,BRK,2017.0,110.0,105.0,-10.0,10.0,-3.0,1.0
948,2017-03-08,DEN,WAS,2017.0,113.0,123.0,2.0,-2.0,1.0,-1.0
949,2017-03-08,GSW,BOS,2017.0,86.0,99.0,-7.5,7.5,-3.0,-1.0
950,2017-03-08,HOU,UTA,2017.0,108.0,115.0,-8.5,8.5,1.0,-2.0
951,2017-03-08,IND,DET,2017.0,115.0,98.0,-4.0,4.0,1.0,1.0
952,2017-03-08,MIA,CHA,2017.0,108.0,101.0,-4.0,4.0,1.0,2.0
953,2017-03-08,MIL,NYK,2017.0,104.0,93.0,-6.5,6.5,3.0,3.0
954,2017-03-08,MIN,LAC,2017.0,107.0,91.0,3.5,-3.5,5.0,-1.0
955,2017-03-08,NOP,TOR,2017.0,87.0,94.0,-3.5,3.5,2.0,-1.0
956,2017-03-08,ORL,CHI,2017.0,98.0,91.0,0.0,0.0,1.0,-1.0
957,2017-03-08,SAS,SAC,2017.0,114.0,104.0,-11.0,11.0,-3.0,-3.0
958,2017-03-09,DET,CLE,2017.0,106.0,101.0,4.5,-4.5,1.0,-3.0
959,2017-03-09,MEM,LAC,2017.0,98.0,114.0,-2.5,2.5,-1.0,-1.0
960,2017-03-09,OKC,SAS,2017.0,102.0,92.0,2.5,-2.5,-3.0,-5.0
961,2017-03-09,PHO,LAL,2017.0,110.0,122.0,-6.5,6.5,3.0,-4.0
962,2017-03-09,POR,PHI,2017.0,114.0,108.0,-9.5,9.5,1.0,-1.0
963,2017-03-10,ATL,TOR,2017.0,105.0,99.0,-3.0,3.0,-5.0,-1.0
964,2017-03-10,CHA,ORL,2017.0,121.0,81.0,-9.0,9.0,0.0,1.0
965,2017-03-10,CHI,HOU,2017.0,94.0,115.0,6.0,-6.0,-3.0,1.0
966,2017-03-10,DAL,BRK,2017.0,105.0,96.0,-10.0,10.0,5.0,1.0
967,2017-03-10,DEN,BOS,2017.0,119.0,99.0,2.5,-2.5,1.0,1.0
968,2017-03-10,MIL,IND,2017.0,99.0,85.0,-1.5,1.5,3.0,3.0
969,2017-03-10,MIN,GSW,2017.0,103.0,102.0,5.5,-5.5,5.0,-3.0
970,2017-03-10,SAC,WAS,2017.0,122.0,130.0,8.0,-8.0,-1.0,-1.0
971,2017-03-11,CHA,NOP,2017.0,122.0,125.0,-3.5,3.5,1.0,2.0
972,2017-03-11,DAL,PHO,2017.0,98.0,100.0,-5.5,5.5,3.0,3.0
973,2017-03-11,DET,NYK,2017.0,112.0,92.0,-6.5,6.5,1.0,1.0
974,2017-03-11,LAC,PHI,2017.0,112.0,100.0,-14.5,14.5,1.0,-1.0
975,2017-03-11,MEM,ATL,2017.0,90.0,107.0,-6.5,6.5,-3.0,-3.0
976,2017-03-11,MIA,TOR,2017.0,104.0,89.0,-6.0,6.0,3.0,-1.0
977,2017-03-11,MIL,MIN,2017.0,102.0,95.0,-3.0,3.0,5.0,5.0
978,2017-03-11,OKC,UTA,2017.0,112.0,104.0,-4.5,4.5,-3.0,0.0
979,2017-03-11,ORL,CLE,2017.0,104.0,116.0,8.5,-8.5,1.0,-3.0
980,2017-03-11,POR,WAS,2017.0,124.0,125.0,-5.0,5.0,1.0,-2.0
981,2017-03-11,SAC,DEN,2017.0,92.0,105.0,5.0,-5.0,0.0,1.0
982,2017-03-11,SAS,GSW,2017.0,107.0,85.0,-11.0,11.0,-5.0,-3.0
983,2017-03-12,BOS,CHI,2017.0,100.0,80.0,-7.5,7.5,-1.0,-3.0
984,2017-03-12,BRK,NYK,2017.0,120.0,112.0,-1.0,1.0,1.0,-1.0
985,2017-03-12,HOU,CLE,2017.0,117.0,112.0,-7.0,7.0,3.0,-1.0
986,2017-03-12,IND,MIA,2017.0,102.0,98.0,-6.5,6.5,1.0,3.0
987,2017-03-12,LAL,PHI,2017.0,116.0,118.0,-4.5,4.5,-2.0,1.0
988,2017-03-12,PHO,POR,2017.0,101.0,110.0,2.5,-2.5,3.0,1.0
989,2017-03-13,CHA,CHI,2017.0,109.0,115.0,-7.5,7.5,1.0,-5.0
990,2017-03-13,DEN,LAL,2017.0,129.0,101.0,-12.5,12.5,1.0,-3.0
991,2017-03-13,MEM,MIL,2017.0,113.0,93.0,-4.0,4.0,-5.0,5.0
992,2017-03-13,MIN,WAS,2017.0,119.0,104.0,-2.5,2.5,3.0,0.0
993,2017-03-13,SAC,ORL,2017.0,120.0,115.0,1.5,-1.5,0.0,-1.0
994,2017-03-13,SAS,ATL,2017.0,107.0,99.0,-7.0,7.0,-3.0,-1.0
995,2017-03-13,TOR,DAL,2017.0,100.0,78.0,-5.0,5.0,-1.0,1.0
996,2017-03-13,UTA,LAC,2017.0,114.0,108.0,-1.5,1.5,0.0,1.0
997,2017-03-14,BRK,OKC,2017.0,104.0,122.0,6.5,-6.5,3.0,-1.0
998,2017-03-14,CLE,DET,2017.0,128.0,96.0,-7.0,7.0,-1.0,3.0
999,2017-03-14,GSW,PHI,2017.0,106.0,104.0,-17.0,17.0,-3.0,1.0
1000,2017-03-14,NOP,POR,2017.0,100.0,77.0,-4.0,4.0,2.0,1.0
1001,2017-03-14,NYK,IND,2017.0,87.0,81.0,3.5,-3.5,-1.0,-1.0
1002,2017-03-15,BOS,MIN,2017.0,117.0,104.0,-6.0,6.0,-1.0,3.0
1003,2017-03-15,CHI,MEM,2017.0,91.0,98.0,2.5,-2.5,-3.0,-3.0
1004,2017-03-15,DET,UTA,2017.0,83.0,97.0,2.5,-2.5,1.0,0.0
1005,2017-03-15,HOU,LAL,2017.0,139.0,100.0,-17.5,17.5,1.0,-3.0
1006,2017-03-15,IND,CHA,2017.0,98.0,77.0,-3.0,3.0,-3.0,-1.0
1007,2017-03-15,LAC,MIL,2017.0,96.0,97.0,-7.0,7.0,-1.0,3.0
1008,2017-03-15,MIA,NOP,2017.0,120.0,112.0,-6.0,6.0,5.0,2.0
1009,2017-03-15,PHO,SAC,2017.0,101.0,107.0,-6.0,6.0,1.0,0.0
1010,2017-03-15,SAS,POR,2017.0,106.0,110.0,-11.0,11.0,-1.0,-1.0
1011,2017-03-15,WAS,DAL,2017.0,107.0,112.0,-7.5,7.5,0.0,-1.0
1012,2017-03-16,ATL,MEM,2017.0,91.0,103.0,-4.0,4.0,-1.0,-1.0
1013,2017-03-16,CLE,UTA,2017.0,91.0,83.0,-8.5,8.5,1.0,2.0
1014,2017-03-16,DEN,LAC,2017.0,129.0,114.0,-5.5,5.5,3.0,-3.0
1015,2017-03-16,GSW,ORL,2017.0,122.0,92.0,-14.0,14.0,-3.0,-3.0
1016,2017-03-16,NYK,BRK,2017.0,110.0,121.0,-5.0,5.0,-1.0,3.0
1017,2017-03-16,TOR,OKC,2017.0,102.0,123.0,-2.0,2.0,-1.0,1.0
1018,2017-03-17,BRK,BOS,2017.0,95.0,98.0,8.5,-8.5,3.0,1.0
1019,2017-03-17,DET,TOR,2017.0,75.0,87.0,-3.5,3.5,-1.0,-1.0
1020,2017-03-17,LAL,MIL,2017.0,103.0,107.0,8.0,-8.0,-3.0,3.0
1021,2017-03-17,MIA,MIN,2017.0,123.0,105.0,-4.0,4.0,5.0,1.0
1022,2017-03-17,NOP,HOU,2017.0,128.0,112.0,6.5,-6.5,0.0,1.0
1023,2017-03-17,PHI,DAL,2017.0,116.0,74.0,5.0,-5.0,3.0,-1.0
1024,2017-03-17,PHO,ORL,2017.0,103.0,109.0,-2.0,2.0,-1.0,-3.0
1025,2017-03-17,WAS,CHI,2017.0,112.0,107.0,-7.5,7.5,0.0,-3.0
1026,2017-03-18,ATL,POR,2017.0,97.0,113.0,-1.5,1.5,-1.0,-1.0
1027,2017-03-18,CHA,WAS,2017.0,98.0,93.0,-3.5,3.5,-3.0,-2.0
1028,2017-03-18,CHI,UTA,2017.0,95.0,86.0,6.5,-6.5,-1.0,3.0
1029,2017-03-18,DEN,HOU,2017.0,105.0,109.0,2.0,-2.0,3.0,-1.0
1030,2017-03-18,GSW,MIL,2017.0,117.0,92.0,-10.5,10.5,-3.0,1.0
1031,2017-03-18,LAC,CLE,2017.0,108.0,78.0,-14.0,14.0,-3.0,1.0
1032,2017-03-18,MEM,SAS,2017.0,104.0,96.0,4.0,-4.0,1.0,-1.0
1033,2017-03-18,OKC,SAC,2017.0,110.0,94.0,-12.5,12.5,3.0,2.0
1034,2017-03-19,BRK,DAL,2017.0,104.0,111.0,5.0,-5.0,3.0,-3.0
1035,2017-03-19,DET,PHO,2017.0,112.0,95.0,-12.5,12.5,-1.0,-3.0
1036,2017-03-19,LAL,CLE,2017.0,120.0,125.0,12.0,-12.0,-1.0,1.0
1037,2017-03-19,MIA,POR,2017.0,104.0,115.0,-5.5,5.5,5.0,1.0
1038,2017-03-19,NOP,MIN,2017.0,123.0,109.0,-3.5,3.5,1.0,-1.0
1039,2017-03-19,PHI,BOS,2017.0,105.0,99.0,5.0,-5.0,5.0,1.0
1040,2017-03-19,SAS,SAC,2017.0,118.0,102.0,-14.5,14.5,-1.0,0.0
1041,2017-03-19,TOR,IND,2017.0,116.0,91.0,-2.5,2.5,-1.0,-1.0
1042,2017-03-20,BOS,WAS,2017.0,110.0,102.0,-4.0,4.0,-1.0,-3.0
1043,2017-03-20,CHA,ATL,2017.0,105.0,90.0,-6.0,6.0,-1.0,-1.0
1044,2017-03-20,HOU,DEN,2017.0,125.0,124.0,-8.0,8.0,1.0,3.0
1045,2017-03-20,IND,UTA,2017.0,107.0,100.0,2.0,-2.0,-3.0,1.0
1046,2017-03-20,LAC,NYK,2017.0,114.0,105.0,-10.5,10.5,-3.0,-3.0
1047,2017-03-20,OKC,GSW,2017.0,95.0,111.0,2.0,-2.0,5.0,-1.0
1048,2017-03-20,ORL,PHI,2017.0,112.0,109.0,-6.0,6.0,-3.0,5.0
1049,2017-03-21,BRK,DET,2017.0,98.0,96.0,5.5,-5.5,1.0,-1.0
1050,2017-03-21,DAL,GSW,2017.0,87.0,112.0,5.0,-5.0,-1.0,1.0
1051,2017-03-21,LAL,LAC,2017.0,109.0,133.0,9.5,-9.5,-1.0,-3.0
1052,2017-03-21,MIA,PHO,2017.0,112.0,97.0,-11.5,11.5,3.0,-3.0
1053,2017-03-21,MIN,SAS,2017.0,93.0,100.0,4.5,-4.5,-3.0,1.0
1054,2017-03-21,NOP,MEM,2017.0,95.0,82.0,-2.5,2.5,3.0,3.0
1055,2017-03-21,POR,MIL,2017.0,90.0,93.0,-3.5,3.5,3.0,-1.0
1056,2017-03-21,TOR,CHI,2017.0,122.0,120.0,-7.5,7.5,1.0,1.0
1057,2017-03-22,BOS,IND,2017.0,109.0,100.0,-6.5,6.5,1.0,-1.0
1058,2017-03-22,CHI,DET,2017.0,117.0,95.0,2.0,-2.0,3.0,-3.0
1059,2017-03-22,DEN,CLE,2017.0,126.0,113.0,2.0,-2.0,3.0,-1.0
1060,2017-03-22,OKC,PHI,2017.0,122.0,97.0,-11.5,11.5,3.0,5.0
1061,2017-03-22,ORL,CHA,2017.0,102.0,109.0,4.5,-4.5,-3.0,-1.0
1062,2017-03-22,SAC,MIL,2017.0,98.0,116.0,5.0,-5.0,-1.0,-1.0
1063,2017-03-22,UTA,NYK,2017.0,108.0,101.0,-12.0,12.0,1.0,-1.0
1064,2017-03-22,WAS,ATL,2017.0,104.0,100.0,-8.0,8.0,-5.0,-3.0
1065,2017-03-23,BRK,PHO,2017.0,126.0,98.0,-5.5,5.5,1.0,-5.0
1066,2017-03-23,DAL,LAC,2017.0,97.0,95.0,5.0,-5.0,-1.0,-1.0
1067,2017-03-23,MIA,TOR,2017.0,84.0,101.0,-4.0,4.0,3.0,1.0
1068,2017-03-23,POR,NYK,2017.0,110.0,95.0,-13.0,13.0,1.0,1.0
1069,2017-03-23,SAS,MEM,2017.0,97.0,90.0,-7.5,7.5,1.0,3.0
1070,2017-03-24,BOS,PHO,2017.0,130.0,120.0,-16.0,16.0,1.0,-5.0
1071,2017-03-24,CHA,CLE,2017.0,105.0,112.0,3.5,-3.5,1.0,-3.0
1072,2017-03-24,CHI,PHI,2017.0,107.0,117.0,-6.5,6.5,3.0,3.0
1073,2017-03-24,GSW,SAC,2017.0,114.0,100.0,-18.0,18.0,3.0,-1.0
1074,2017-03-24,HOU,NOP,2017.0,117.0,107.0,-8.0,8.0,-1.0,3.0
1075,2017-03-24,IND,DEN,2017.0,117.0,125.0,-1.5,1.5,-1.0,3.0
1076,2017-03-24,LAL,MIN,2017.0,130.0,119.0,6.5,-6.5,-1.0,-3.0
1077,2017-03-24,MIL,ATL,2017.0,100.0,97.0,-7.0,7.0,1.0,-3.0
1078,2017-03-24,ORL,DET,2017.0,115.0,87.0,2.0,-2.0,-3.0,-3.0
1079,2017-03-24,WAS,BRK,2017.0,129.0,108.0,-10.5,10.5,-5.0,3.0
1080,2017-03-25,CLE,WAS,2017.0,115.0,127.0,-6.0,6.0,-3.0,-3.0
1081,2017-03-25,DAL,TOR,2017.0,86.0,94.0,0.0,0.0,1.0,1.0
1082,2017-03-25,LAC,UTA,2017.0,108.0,95.0,-5.0,5.0,-1.0,-1.0
1083,2017-03-25,POR,MIN,2017.0,112.0,100.0,-6.0,6.0,3.0,-5.0
1084,2017-03-25,SAS,NYK,2017.0,106.0,98.0,-14.5,14.5,-1.0,1.0
1085,2017-03-26,ATL,BRK,2017.0,92.0,107.0,-6.5,6.5,-1.0,1.0
1086,2017-03-26,BOS,MIA,2017.0,112.0,108.0,-6.0,6.0,-1.0,1.0
1087,2017-03-26,CHA,PHO,2017.0,120.0,106.0,-13.0,13.0,1.0,-3.0
1088,2017-03-26,DEN,NOP,2017.0,90.0,115.0,-7.5,7.5,3.0,1.0
1089,2017-03-26,GSW,MEM,2017.0,106.0,94.0,-11.0,11.0,3.0,3.0
1090,2017-03-26,HOU,OKC,2017.0,137.0,125.0,-5.5,5.5,1.0,3.0
1091,2017-03-26,IND,PHI,2017.0,107.0,94.0,-9.0,9.0,-1.0,3.0
1092,2017-03-26,LAC,SAC,2017.0,97.0,98.0,-13.0,13.0,1.0,-1.0
1093,2017-03-26,LAL,POR,2017.0,81.0,97.0,7.0,-7.0,1.0,3.0
1094,2017-03-26,MIL,CHI,2017.0,94.0,109.0,-6.5,6.5,-1.0,3.0
1095,2017-03-27,DAL,OKC,2017.0,91.0,92.0,2.0,-2.0,-1.0,1.0
1096,2017-03-27,NYK,DET,2017.0,109.0,95.0,1.0,-1.0,1.0,-3.0
1097,2017-03-27,SAC,MEM,2017.0,91.0,90.0,6.5,-6.5,-1.0,1.0
1098,2017-03-27,SAS,CLE,2017.0,103.0,74.0,-5.0,5.0,-1.0,-3.0
1099,2017-03-27,TOR,ORL,2017.0,131.0,112.0,-7.0,7.0,3.0,-1.0
1100,2017-03-27,UTA,NOP,2017.0,108.0,100.0,-6.0,6.0,-3.0,3.0
1101,2017-03-28,ATL,PHO,2017.0,95.0,91.0,-10.0,10.0,-1.0,-3.0
1102,2017-03-28,BRK,PHI,2017.0,101.0,106.0,-4.5,4.5,1.0,1.0
1103,2017-03-28,CHA,MIL,2017.0,108.0,118.0,-3.5,3.5,3.0,-1.0
1104,2017-03-28,DET,MIA,2017.0,96.0,97.0,3.0,-3.0,-3.0,1.0
1105,2017-03-28,HOU,GSW,2017.0,106.0,113.0,-1.5,1.5,1.0,3.0
1106,2017-03-28,IND,MIN,2017.0,114.0,115.0,-4.0,4.0,-1.0,-5.0
1107,2017-03-28,LAL,WAS,2017.0,108.0,119.0,9.0,-9.0,1.0,-1.0
1108,2017-03-28,POR,DEN,2017.0,122.0,113.0,-2.0,2.0,3.0,1.0
1109,2017-03-29,BOS,MIL,2017.0,100.0,103.0,-7.5,7.5,-1.0,1.0
1110,2017-03-29,LAC,WAS,2017.0,133.0,124.0,-6.5,6.5,-1.0,1.0
1111,2017-03-29,MEM,IND,2017.0,110.0,97.0,-4.0,4.0,-1.0,-1.0
1112,2017-03-29,NOP,DAL,2017.0,121.0,118.0,-6.0,6.0,1.0,1.0
1113,2017-03-29,NYK,MIA,2017.0,88.0,105.0,2.5,-2.5,3.0,-1.0
1114,2017-03-29,ORL,OKC,2017.0,106.0,114.0,5.0,-5.0,-1.0,-1.0
1115,2017-03-29,PHI,ATL,2017.0,92.0,99.0,2.5,-2.5,1.0,-1.0
1116,2017-03-29,SAC,UTA,2017.0,82.0,112.0,8.0,-8.0,1.0,-3.0
1117,2017-03-29,SAS,GSW,2017.0,98.0,110.0,-4.5,4.5,1.0,3.0
1118,2017-03-29,TOR,CHA,2017.0,106.0,110.0,-5.5,5.5,3.0,1.0
1119,2017-03-30,CHI,CLE,2017.0,99.0,93.0,5.5,-5.5,3.0,-3.0
1120,2017-03-30,DET,BRK,2017.0,90.0,89.0,-6.5,6.5,-3.0,1.0
1121,2017-03-30,MIN,LAL,2017.0,119.0,104.0,-11.5,11.5,-3.0,-1.0
1122,2017-03-30,PHO,LAC,2017.0,118.0,124.0,10.0,-10.0,-1.0,1.0
1123,2017-03-30,POR,HOU,2017.0,117.0,107.0,0.0,0.0,3.0,1.0
1124,2017-03-31,BOS,ORL,2017.0,117.0,116.0,-10.5,10.5,-1.0,-3.0
1125,2017-03-31,CHA,DEN,2017.0,122.0,114.0,-2.0,2.0,1.0,1.0
1126,2017-03-31,CLE,PHI,2017.0,122.0,105.0,-12.5,12.5,-3.0,-1.0
1127,2017-03-31,GSW,HOU,2017.0,107.0,98.0,-9.0,9.0,3.0,-1.0
1128,2017-03-31,MEM,DAL,2017.0,99.0,90.0,-3.5,3.5,-1.0,1.0
1129,2017-03-31,MIA,NYK,2017.0,94.0,98.0,-10.5,10.5,1.0,1.0
1130,2017-03-31,MIL,DET,2017.0,108.0,105.0,-7.0,7.0,1.0,-3.0
1131,2017-03-31,NOP,SAC,2017.0,117.0,89.0,-11.0,11.0,-1.0,1.0
1132,2017-03-31,OKC,SAS,2017.0,95.0,100.0,3.0,-3.0,-1.0,-1.0
1133,2017-03-31,TOR,IND,2017.0,111.0,100.0,-5.5,5.5,1.0,-3.0
1134,2017-03-31,UTA,WAS,2017.0,95.0,88.0,-2.5,2.5,-1.0,1.0
1135,2017-04-01,BRK,ORL,2017.0,121.0,111.0,-4.0,4.0,1.0,-1.0
1136,2017-04-01,CHI,ATL,2017.0,106.0,104.0,-5.5,5.5,3.0,1.0
1137,2017-04-01,LAC,LAL,2017.0,115.0,104.0,-15.0,15.0,-1.0,-3.0
1138,2017-04-01,MIN,SAC,2017.0,117.0,123.0,-13.0,13.0,-1.0,1.0
1139,2017-04-01,POR,PHO,2017.0,130.0,117.0,-11.0,11.0,5.0,1.0
1140,2017-04-02,BRK,ATL,2017.0,91.0,82.0,3.0,-3.0,1.0,1.0
1141,2017-04-02,CLE,IND,2017.0,135.0,130.0,-8.0,8.0,-1.0,-3.0
1142,2017-04-02,GSW,WAS,2017.0,139.0,115.0,-9.5,9.5,2.0,1.0
1143,2017-04-02,LAL,MEM,2017.0,108.0,103.0,7.0,-7.0,-1.0,1.0
1144,2017-04-02,MIA,DEN,2017.0,113.0,116.0,-3.5,3.5,-1.0,-1.0
1145,2017-04-02,MIL,DAL,2017.0,105.0,109.0,-6.5,6.5,-1.0,1.0
1146,2017-04-02,NOP,CHI,2017.0,110.0,117.0,-8.5,8.5,-1.0,1.0
1147,2017-04-02,NYK,BOS,2017.0,94.0,110.0,7.5,-7.5,1.0,-3.0
1148,2017-04-02,OKC,CHA,2017.0,101.0,113.0,-5.0,5.0,-1.0,1.0
1149,2017-04-02,PHO,HOU,2017.0,116.0,123.0,7.5,-7.5,1.0,0.0
1150,2017-04-02,SAS,UTA,2017.0,109.0,103.0,-5.5,5.5,-1.0,1.0
1151,2017-04-02,TOR,PHI,2017.0,113.0,105.0,-11.5,11.5,3.0,-1.0
1152,2017-04-03,MIN,POR,2017.0,110.0,109.0,-2.0,2.0,-1.0,5.0
1153,2017-04-04,CLE,ORL,2017.0,122.0,102.0,-11.0,11.0,-3.0,-1.0
1154,2017-04-04,GSW,MIN,2017.0,121.0,107.0,-14.0,14.0,4.0,-1.0
1155,2017-04-04,IND,TOR,2017.0,108.0,90.0,-3.0,3.0,-1.0,1.0
1156,2017-04-04,NOP,DEN,2017.0,131.0,134.0,-3.0,3.0,-1.0,-1.0
1157,2017-04-04,NYK,CHI,2017.0,100.0,91.0,5.0,-5.0,1.0,1.0
1158,2017-04-04,OKC,MIL,2017.0,110.0,79.0,-6.0,6.0,-3.0,-1.0
1159,2017-04-04,PHI,BRK,2017.0,118.0,141.0,2.0,-2.0,-1.0,3.0
1160,2017-04-04,SAC,DAL,2017.0,98.0,87.0,2.5,-2.5,1.0,1.0
1161,2017-04-04,SAS,MEM,2017.0,95.0,89.0,-9.0,9.0,1.0,-1.0
1162,2017-04-04,UTA,POR,2017.0,106.0,87.0,-6.0,6.0,1.0,5.0
1163,2017-04-04,WAS,CHA,2017.0,118.0,111.0,-3.0,3.0,-1.0,3.0
1164,2017-04-05,BOS,CLE,2017.0,91.0,114.0,-4.0,4.0,-3.0,-1.0
1165,2017-04-05,CHA,MIA,2017.0,99.0,112.0,-2.5,2.5,1.0,-1.0
1166,2017-04-05,DET,TOR,2017.0,102.0,105.0,3.0,-3.0,-1.0,-1.0
1167,2017-04-05,HOU,DEN,2017.0,110.0,104.0,-7.5,7.5,-2.0,-1.0
1168,2017-04-05,LAC,DAL,2017.0,112.0,101.0,-11.0,11.0,-1.0,1.0
1169,2017-04-05,MEM,OKC,2017.0,100.0,103.0,2.5,-2.5,1.0,-1.0
1170,2017-04-05,PHO,GSW,2017.0,111.0,120.0,8.5,-8.5,1.0,3.0
1171,2017-04-05,SAS,LAL,2017.0,95.0,102.0,-13.5,13.5,1.0,-1.0
1172,2017-04-06,ATL,BOS,2017.0,123.0,116.0,1.0,-1.0,-1.0,-3.0
1173,2017-04-06,IND,MIL,2017.0,104.0,89.0,-4.5,4.5,-1.0,-1.0
1174,2017-04-06,NYK,WAS,2017.0,103.0,106.0,6.0,-6.0,1.0,-1.0
1175,2017-04-06,ORL,BRK,2017.0,115.0,107.0,-1.0,1.0,-3.0,3.0
1176,2017-04-06,PHI,CHI,2017.0,90.0,102.0,5.5,-5.5,-1.0,1.0
1177,2017-04-06,POR,MIN,2017.0,105.0,98.0,-5.5,5.5,3.0,0.0
1178,2017-04-07,CLE,ATL,2017.0,100.0,114.0,-15.0,15.0,1.0,1.0
1179,2017-04-07,DAL,SAS,2017.0,89.0,102.0,-5.0,5.0,0.0,-1.0
1180,2017-04-07,DEN,NOP,2017.0,122.0,106.0,-7.5,7.5,1.0,-3.0
1181,2017-04-07,HOU,DET,2017.0,109.0,114.0,-11.0,11.0,-4.0,0.0
1182,2017-04-07,LAL,SAC,2017.0,98.0,94.0,-2.5,2.5,1.0,1.0
1183,2017-04-07,MEM,NYK,2017.0,101.0,88.0,-12.5,12.5,1.0,1.0
1184,2017-04-07,PHO,OKC,2017.0,120.0,99.0,9.0,-9.0,1.0,1.0
1185,2017-04-07,TOR,MIA,2017.0,96.0,94.0,-4.5,4.5,-2.0,-1.0
1186,2017-04-07,UTA,MIN,2017.0,120.0,113.0,-11.0,11.0,3.0,-2.0
1187,2017-04-08,BRK,CHI,2017.0,107.0,106.0,3.0,-3.0,3.0,1.0
1188,2017-04-08,CHA,BOS,2017.0,114.0,121.0,-1.5,1.5,1.0,-3.0
1189,2017-04-08,GSW,NOP,2017.0,123.0,101.0,-17.0,17.0,3.0,-3.0
1190,2017-04-08,ORL,IND,2017.0,112.0,127.0,4.5,-4.5,-1.0,1.0
1191,2017-04-08,PHI,MIL,2017.0,82.0,90.0,7.0,-7.0,-3.0,-3.0
1192,2017-04-08,POR,UTA,2017.0,101.0,86.0,-2.5,2.5,3.0,1.0
1193,2017-04-08,SAS,LAC,2017.0,87.0,98.0,-1.5,1.5,1.0,-2.0
1194,2017-04-08,WAS,MIA,2017.0,103.0,106.0,-3.5,3.5,-3.0,1.0
1195,2017-04-09,ATL,CLE,2017.0,126.0,125.0,5.0,-5.0,3.0,1.0
1196,2017-04-09,DEN,OKC,2017.0,105.0,106.0,-5.0,5.0,3.0,-1.0
1197,2017-04-09,LAL,MIN,2017.0,110.0,109.0,6.0,-6.0,3.0,-2.0
1198,2017-04-09,MEM,DET,2017.0,90.0,103.0,-5.5,5.5,1.0,2.0
1199,2017-04-09,NYK,TOR,2017.0,97.0,110.0,9.0,-9.0,1.0,-2.0
1200,2017-04-09,PHO,DAL,2017.0,124.0,111.0,-2.5,2.5,1.0,-2.0
1201,2017-04-09,SAC,HOU,2017.0,128.0,135.0,9.5,-9.5,-1.0,-4.0
1202,2017-04-10,BOS,BRK,2017.0,114.0,105.0,-10.5,10.5,-1.0,3.0
1203,2017-04-10,CHI,ORL,2017.0,122.0,75.0,-8.0,8.0,-1.0,-1.0
1204,2017-04-10,DET,WAS,2017.0,101.0,105.0,-5.5,5.5,2.0,-3.0
1205,2017-04-10,GSW,UTA,2017.0,99.0,105.0,-10.5,10.5,3.0,-1.0
1206,2017-04-10,LAC,HOU,2017.0,125.0,96.0,-9.5,9.5,0.0,-4.0
1207,2017-04-10,MIA,CLE,2017.0,124.0,121.0,-10.5,10.5,1.0,-1.0
1208,2017-04-10,MIL,CHA,2017.0,89.0,79.0,-6.5,6.5,-3.0,-1.0
1209,2017-04-10,PHI,IND,2017.0,111.0,120.0,8.5,-8.5,-3.0,3.0
1210,2017-04-10,POR,SAS,2017.0,99.0,98.0,10.5,-10.5,3.0,-1.0
1211,2017-04-11,ATL,CHA,2017.0,103.0,76.0,-8.0,8.0,3.0,-3.0
1212,2017-04-11,DAL,DEN,2017.0,91.0,109.0,-2.5,2.5,-2.0,3.0
1213,2017-04-11,LAL,NOP,2017.0,108.0,96.0,-2.5,2.5,5.0,-3.0
1214,2017-04-11,MIN,OKC,2017.0,98.0,100.0,-8.0,8.0,-2.0,1.0
1215,2017-04-11,SAC,PHO,2017.0,129.0,104.0,-4.5,4.5,1.0,1.0
1216,2017-04-12,BOS,MIL,2017.0,112.0,94.0,-13.5,13.5,-1.0,-1.0
1217,2017-04-12,CHI,BRK,2017.0,112.0,73.0,-14.5,14.5,1.0,3.0
1218,2017-04-12,CLE,TOR,2017.0,83.0,98.0,4.0,-4.0,1.0,-2.0
1219,2017-04-12,GSW,LAL,2017.0,109.0,94.0,-13.5,13.5,2.0,5.0
1220,2017-04-12,HOU,MIN,2017.0,123.0,118.0,-8.0,8.0,-5.0,-2.0
1221,2017-04-12,IND,ATL,2017.0,104.0,86.0,-15.0,15.0,5.0,3.0
1222,2017-04-12,LAC,SAC,2017.0,115.0,95.0,-17.0,17.0,0.0,3.0
1223,2017-04-12,MEM,DAL,2017.0,93.0,100.0,-8.5,8.5,-1.0,-4.0
1224,2017-04-12,MIA,WAS,2017.0,110.0,102.0,-11.5,11.5,1.0,-1.0
1225,2017-04-12,NYK,PHI,2017.0,114.0,113.0,-3.0,3.0,-1.0,-3.0
1226,2017-04-12,OKC,DEN,2017.0,105.0,111.0,-6.0,6.0,3.0,3.0
1227,2017-04-12,ORL,DET,2017.0,113.0,109.0,-1.5,1.5,-3.0,2.0
1228,2017-04-12,POR,NOP,2017.0,100.0,103.0,-6.5,6.5,3.0,-5.0
1229,2017-04-12,UTA,SAS,2017.0,101.0,97.0,-4.0,4.0,-1.0,-3.0
1230,2017-04-15,CLE,IND,2017.0,109.0,108.0,-9.0,9.0,-1.0,5.0
1231,2017-04-15,LAC,UTA,2017.0,95.0,97.0,-5.5,5.5,2.0,0.0
1232,2017-04-15,SAS,MEM,2017.0,111.0,82.0,-9.5,9.5,-2.0,-1.0
1233,2017-04-15,TOR,MIL,2017.0,83.0,97.0,-7.5,7.5,0.0,-1.0
1234,2017-04-16,BOS,CHI,2017.0,102.0,106.0,-6.5,6.5,-1.0,1.0
1235,2017-04-16,GSW,POR,2017.0,121.0,109.0,-15.0,15.0,2.0,1.0
1236,2017-04-16,HOU,OKC,2017.0,118.0,87.0,-7.5,7.5,-5.0,1.0
1237,2017-04-16,WAS,ATL,2017.0,114.0,107.0,-5.5,5.5,1.0,3.0
1238,2017-04-17,CLE,IND,2017.0,117.0,111.0,-9.0,9.0,-3.0,5.0
1239,2017-04-17,SAS,MEM,2017.0,96.0,82.0,-10.5,10.5,0.0,-3.0
1240,2017-04-18,BOS,CHI,2017.0,97.0,111.0,-7.5,7.5,-1.0,3.0
1241,2017-04-18,LAC,UTA,2017.0,99.0,91.0,-9.0,9.0,2.0,0.0
1242,2017-04-18,TOR,MIL,2017.0,106.0,100.0,-8.0,8.0,0.0,1.0
1243,2017-04-19,GSW,POR,2017.0,110.0,81.0,-11.5,11.5,1.0,3.0
1244,2017-04-19,HOU,OKC,2017.0,115.0,111.0,-7.5,7.5,-3.0,-1.0
1245,2017-04-19,WAS,ATL,2017.0,109.0,101.0,-6.0,6.0,1.0,1.0
1246,2017-04-20,IND,CLE,2017.0,114.0,119.0,1.5,-1.5,5.0,-3.0
1247,2017-04-20,MEM,SAS,2017.0,105.0,94.0,3.5,-3.5,-3.0,0.0
1248,2017-04-20,MIL,TOR,2017.0,104.0,77.0,-2.0,2.0,3.0,-1.0
1249,2017-04-21,CHI,BOS,2017.0,87.0,104.0,2.5,-2.5,3.0,-1.0
1250,2017-04-21,OKC,HOU,2017.0,115.0,113.0,-2.5,2.5,1.0,-3.0
1251,2017-04-21,UTA,LAC,2017.0,106.0,111.0,1.5,-1.5,2.0,1.0
1252,2017-04-22,ATL,WAS,2017.0,116.0,98.0,-2.5,2.5,-1.0,3.0
1253,2017-04-22,MEM,SAS,2017.0,110.0,108.0,5.0,-5.0,-3.0,0.0
1254,2017-04-22,MIL,TOR,2017.0,76.0,87.0,-2.0,2.0,3.0,-1.0
1255,2017-04-22,POR,GSW,2017.0,113.0,119.0,5.0,-5.0,1.0,1.0
1256,2017-04-23,CHI,BOS,2017.0,95.0,104.0,1.5,-1.5,3.0,-1.0
1257,2017-04-23,IND,CLE,2017.0,102.0,106.0,4.0,-4.0,3.0,-1.0
1258,2017-04-23,OKC,HOU,2017.0,109.0,113.0,-1.5,1.5,-1.0,-1.0
1259,2017-04-23,UTA,LAC,2017.0,105.0,98.0,-5.0,5.0,2.0,1.0
1260,2017-04-24,ATL,WAS,2017.0,111.0,101.0,-2.5,2.5,-1.0,3.0
1261,2017-04-24,POR,GSW,2017.0,103.0,128.0,9.0,-9.0,-1.0,1.0
1262,2017-04-24,TOR,MIL,2017.0,118.0,93.0,-6.0,6.0,-1.0,1.0
1263,2017-04-25,HOU,OKC,2017.0,105.0,99.0,-7.5,7.5,1.0,-3.0
1264,2017-04-25,LAC,UTA,2017.0,92.0,96.0,-3.0,3.0,-1.0,2.0
1265,2017-04-25,SAS,MEM,2017.0,116.0,103.0,-10.5,10.5,0.0,-1.0
1266,2017-04-26,BOS,CHI,2017.0,108.0,97.0,-7.5,7.5,1.0,1.0
1267,2017-04-26,WAS,ATL,2017.0,103.0,99.0,-6.5,6.5,1.0,-1.0
1268,2017-04-27,MEM,SAS,2017.0,96.0,103.0,5.5,-5.5,-1.0,1.0
1269,2017-04-27,MIL,TOR,2017.0,89.0,92.0,-1.0,1.0,1.0,-1.0
1270,2017-04-28,ATL,WAS,2017.0,99.0,115.0,-3.0,3.0,1.0,-1.0
1271,2017-04-28,CHI,BOS,2017.0,83.0,105.0,3.0,-3.0,-1.0,1.0
1272,2017-04-28,UTA,LAC,2017.0,93.0,98.0,-5.5,5.5,3.0,-3.0
1273,2017-04-30,BOS,WAS,2017.0,123.0,111.0,-4.0,4.0,3.0,-1.0
1274,2017-04-30,LAC,UTA,2017.0,91.0,104.0,-3.5,3.5,-1.0,1.0
1275,2017-05-01,CLE,TOR,2017.0,116.0,105.0,-7.0,7.0,-2.0,1.0
1276,2017-05-01,SAS,HOU,2017.0,99.0,126.0,-6.0,6.0,1.0,1.0
1277,2017-05-02,BOS,WAS,2017.0,129.0,119.0,-5.0,5.0,5.0,-3.0
1278,2017-05-02,GSW,UTA,2017.0,106.0,94.0,-13.0,13.0,3.0,1.0
1279,2017-05-03,CLE,TOR,2017.0,125.0,103.0,-7.0,7.0,0.0,1.0
1280,2017-05-03,SAS,HOU,2017.0,121.0,96.0,-6.0,6.0,-1.0,1.0
1281,2017-05-04,GSW,UTA,2017.0,115.0,104.0,-14.0,14.0,1.0,3.0
1282,2017-05-04,WAS,BOS,2017.0,116.0,89.0,-5.5,5.5,-3.0,5.0
1283,2017-05-05,HOU,SAS,2017.0,92.0,103.0,-5.5,5.5,1.0,1.0
1284,2017-05-05,TOR,CLE,2017.0,94.0,115.0,3.0,-3.0,1.0,2.0
1285,2017-05-06,UTA,GSW,2017.0,91.0,102.0,6.5,-6.5,3.0,1.0
1286,2017-05-07,HOU,SAS,2017.0,125.0,104.0,-5.0,5.0,-1.0,3.0
1287,2017-05-07,TOR,CLE,2017.0,102.0,109.0,7.0,-7.0,-1.0,4.0
1288,2017-05-07,WAS,BOS,2017.0,121.0,102.0,-5.0,5.0,-1.0,3.0
1289,2017-05-08,UTA,GSW,2017.0,95.0,121.0,9.0,-9.0,1.0,1.0
1290,2017-05-09,SAS,HOU,2017.0,110.0,107.0,-5.5,5.5,1.0,-1.0
1291,2017-05-10,BOS,WAS,2017.0,123.0,101.0,-4.0,4.0,1.0,1.0
1292,2017-05-11,HOU,SAS,2017.0,75.0,114.0,-9.0,9.0,1.0,-1.0
1293,2017-05-12,WAS,BOS,2017.0,92.0,91.0,-5.0,5.0,-1.0,1.0
1294,2017-05-14,GSW,SAS,2017.0,113.0,111.0,-10.0,10.0,1.0,1.0
1295,2017-05-15,BOS,WAS,2017.0,115.0,105.0,-5.0,5.0,1.0,-1.0
1296,2017-05-16,GSW,SAS,2017.0,136.0,100.0,-13.5,13.5,-1.0,1.0
1297,2017-05-17,BOS,CLE,2017.0,104.0,117.0,4.0,-4.0,1.0,3.0
1298,2017-05-19,BOS,CLE,2017.0,86.0,130.0,5.0,-5.0,1.0,4.0
1299,2017-05-20,SAS,GSW,2017.0,108.0,120.0,9.5,-9.5,-1.0,1.0
1300,2017-05-21,CLE,BOS,2017.0,108.0,111.0,-16.0,16.0,4.0,1.0
1301,2017-05-22,SAS,GSW,2017.0,115.0,129.0,11.0,-11.0,-1.0,3.0
1302,2017-05-23,CLE,BOS,2017.0,112.0,99.0,-15.5,15.5,2.0,1.0
1303,2017-05-25,BOS,CLE,2017.0,102.0,135.0,9.5,-9.5,1.0,0.0
1304,2017-06-01,GSW,CLE,2017.0,113.0,91.0,-7.5,7.5,3.0,1.0
1305,2017-06-04,GSW,CLE,2017.0,132.0,113.0,-9.0,9.0,3.0,-1.0
1306,2017-06-07,CLE,GSW,2017.0,113.0,118.0,3.5,-3.5,-3.0,5.0
1307,2017-06-09,CLE,GSW,2017.0,137.0,116.0,5.0,-5.0,-3.0,5.0
1308,2017-06-12,GSW,CLE,2017.0,129.0,120.0,-9.0,9.0,3.0,-1.0
