,Date,Home_Team,Away_Team,season,Home_Score,Away_Score,Home_Spread,Away_Spread,Home_last_n_ATS,Away_last_n_ATS
0,2018-10-16,BOS,PHI,2019.0,105.0,87.0,-5.0,5.0,,
1,2018-10-16,GSW,OKC,2019.0,108.0,100.0,-13.0,13.0,,
2,2018-10-17,CHA,MIL,2019.0,112.0,113.0,3.5,-3.5,,
3,2018-10-17,DET,BRK,2019.0,103.0,100.0,-6.0,6.0,,
4,2018-10-17,HOU,NOP,2019.0,112.0,131.0,-8.0,8.0,,
5,2018-10-17,IND,MEM,2019.0,111.0,83.0,-7.5,7.5,,
6,2018-10-17,LAC,DEN,2019.0,98.0,107.0,2.5,-2.5,,
7,2018-10-17,NYK,ATL,2019.0,126.0,107.0,-3.5,3.5,,
8,2018-10-17,ORL,MIA,2019.0,104.0,101.0,2.5,-2.5,,
9,2018-10-17,PHO,DAL,2019.0,121.0,100.0,2.5,-2.5,,
10,2018-10-17,SAC,UTA,2019.0,117.0,123.0,8.5,-8.5,,
11,2018-10-17,SAS,MIN,2019.0,112.0,108.0,-2.5,2.5,,
12,2018-10-17,TOR,CLE,2019.0,116.0,104.0,-12.5,12.5,,
13,2018-10-18,PHI,CHI,2019.0,127.0,108.0,-12.5,12.5,-1.0,
14,2018-10-18,POR,LAL,2019.0,128.0,119.0,-3.0,3.0,,
15,2018-10-18,WAS,MIA,2019.0,112.0,113.0,-5.5,5.5,,-1.0
16,2018-10-19,BRK,NYK,2019.0,107.0,105.0,-4.0,4.0,1.0,1.0
17,2018-10-19,LAC,OKC,2019.0,108.0,92.0,-3.0,3.0,-1.0,1.0
18,2018-10-19,MEM,ATL,2019.0,131.0,117.0,-7.0,7.0,-1.0,-1.0
19,2018-10-19,MIL,IND,2019.0,118.0,101.0,-4.0,4.0,-1.0,1.0
20,2018-10-19,MIN,CLE,2019.0,131.0,123.0,-8.5,8.5,-1.0,1.0
21,2018-10-19,NOP,SAC,2019.0,149.0,129.0,-11.5,11.5,1.0,1.0
22,2018-10-19,ORL,CHA,2019.0,88.0,120.0,1.5,-1.5,1.0,1.0
23,2018-10-19,TOR,BOS,2019.0,113.0,101.0,-3.0,3.0,-1.0,1.0
24,2018-10-19,UTA,GSW,2019.0,123.0,124.0,2.5,-2.5,-1.0,-1.0
25,2018-10-20,CHI,DET,2019.0,116.0,118.0,4.5,-4.5,-1.0,-1.0
26,2018-10-20,DAL,MIN,2019.0,140.0,136.0,-1.5,1.5,-1.0,-2.0
27,2018-10-20,DEN,PHO,2019.0,119.0,91.0,-10.0,10.0,1.0,1.0
28,2018-10-20,IND,BRK,2019.0,132.0,112.0,-8.0,8.0,0.0,0.0
29,2018-10-20,LAL,HOU,2019.0,115.0,124.0,3.5,-3.5,-1.0,-1.0
30,2018-10-20,MIA,CHA,2019.0,112.0,113.0,-3.5,3.5,0.0,2.0
31,2018-10-20,NYK,BOS,2019.0,101.0,103.0,9.5,-9.5,2.0,0.0
32,2018-10-20,PHI,ORL,2019.0,116.0,115.0,-12.5,12.5,0.0,0.0
33,2018-10-20,POR,SAS,2019.0,121.0,108.0,-4.5,4.5,1.0,1.0
34,2018-10-20,WAS,TOR,2019.0,113.0,117.0,-2.0,2.0,-1.0,0.0
35,2018-10-21,CLE,ATL,2019.0,111.0,133.0,-8.0,8.0,2.0,-2.0
36,2018-10-21,DEN,GSW,2019.0,100.0,98.0,4.5,-4.5,2.0,-2.0
37,2018-10-21,LAC,HOU,2019.0,115.0,112.0,-2.0,2.0,0.0,0.0
38,2018-10-21,OKC,SAC,2019.0,120.0,131.0,-11.0,11.0,0.0,0.0
39,2018-10-22,BOS,ORL,2019.0,90.0,93.0,-11.0,11.0,-1.0,1.0
40,2018-10-22,DAL,CHI,2019.0,115.0,109.0,-5.0,5.0,0.0,0.0
41,2018-10-22,GSW,PHO,2019.0,123.0,103.0,-12.5,12.5,-3.0,0.0
42,2018-10-22,LAL,SAS,2019.0,142.0,143.0,-1.5,1.5,-2.0,0.0
43,2018-10-22,MIL,NYK,2019.0,124.0,113.0,-11.0,11.0,0.0,3.0
44,2018-10-22,MIN,IND,2019.0,101.0,91.0,-2.0,2.0,-3.0,1.0
45,2018-10-22,POR,WAS,2019.0,124.0,125.0,-4.5,4.5,2.0,-2.0
46,2018-10-22,TOR,CHA,2019.0,127.0,106.0,-8.5,8.5,1.0,3.0
47,2018-10-22,UTA,MEM,2019.0,84.0,92.0,-10.5,10.5,0.0,0.0
48,2018-10-23,DEN,SAC,2019.0,126.0,112.0,-11.5,11.5,3.0,1.0
49,2018-10-23,DET,PHI,2019.0,133.0,132.0,1.0,-1.0,-2.0,-1.0
50,2018-10-23,NOP,LAC,2019.0,116.0,109.0,-5.5,5.5,2.0,1.0
51,2018-10-24,ATL,DAL,2019.0,111.0,104.0,2.0,-2.0,-1.0,1.0
52,2018-10-24,CHI,CHA,2019.0,112.0,110.0,4.5,-4.5,-1.0,2.0
53,2018-10-24,CLE,BRK,2019.0,86.0,102.0,-3.0,3.0,1.0,-1.0
54,2018-10-24,GSW,WAS,2019.0,144.0,122.0,-10.0,10.0,-2.0,-1.0
55,2018-10-24,HOU,UTA,2019.0,89.0,100.0,-1.0,1.0,-1.0,-1.0
56,2018-10-24,MIA,NYK,2019.0,110.0,87.0,-8.0,8.0,-1.0,3.0
57,2018-10-24,MIL,PHI,2019.0,123.0,108.0,-5.0,5.0,0.0,-2.0
58,2018-10-24,PHO,LAL,2019.0,113.0,131.0,5.5,-5.5,-1.0,-3.0
59,2018-10-24,SAC,MEM,2019.0,97.0,92.0,2.5,-2.5,0.0,1.0
60,2018-10-24,SAS,IND,2019.0,96.0,116.0,-1.5,1.5,1.0,0.0
61,2018-10-24,TOR,MIN,2019.0,112.0,105.0,-8.5,8.5,2.0,-2.0
62,2018-10-25,DET,CLE,2019.0,110.0,103.0,-9.5,9.5,-1.0,0.0
63,2018-10-25,LAL,DEN,2019.0,121.0,114.0,1.0,-1.0,-2.0,4.0
64,2018-10-25,OKC,BOS,2019.0,95.0,101.0,1.0,-1.0,-1.0,-2.0
65,2018-10-25,ORL,POR,2019.0,114.0,128.0,3.5,-3.5,2.0,1.0
66,2018-10-26,CHA,CHI,2019.0,135.0,106.0,-10.5,10.5,1.0,0.0
67,2018-10-26,HOU,LAC,2019.0,113.0,133.0,-4.0,4.0,-2.0,0.0
68,2018-10-26,MIN,MIL,2019.0,95.0,125.0,2.0,-2.0,-1.0,1.0
69,2018-10-26,NOP,BRK,2019.0,117.0,115.0,-8.5,8.5,3.0,0.0
70,2018-10-26,NYK,GSW,2019.0,100.0,128.0,11.5,-11.5,2.0,-1.0
71,2018-10-26,SAC,WAS,2019.0,116.0,112.0,5.5,-5.5,1.0,-2.0
72,2018-10-26,TOR,DAL,2019.0,116.0,107.0,-11.5,11.5,1.0,0.0
73,2018-10-27,ATL,CHI,2019.0,85.0,97.0,-6.0,6.0,0.0,-1.0
74,2018-10-27,CLE,IND,2019.0,107.0,119.0,7.0,-7.0,1.0,1.0
75,2018-10-27,DET,BOS,2019.0,89.0,109.0,3.5,-3.5,-2.0,-1.0
76,2018-10-27,MEM,PHO,2019.0,117.0,96.0,-7.5,7.5,0.0,-2.0
77,2018-10-27,MIA,POR,2019.0,120.0,111.0,-1.5,1.5,0.0,2.0
78,2018-10-27,MIL,ORL,2019.0,113.0,91.0,-9.0,9.0,2.0,1.0
79,2018-10-27,NOP,UTA,2019.0,111.0,132.0,6.0,-6.0,2.0,0.0
80,2018-10-27,PHI,CHA,2019.0,105.0,103.0,-7.0,7.0,-3.0,1.0
81,2018-10-27,SAS,LAL,2019.0,110.0,106.0,1.0,-1.0,0.0,-1.0
82,2018-10-28,BRK,GSW,2019.0,114.0,120.0,9.5,-9.5,1.0,1.0
83,2018-10-28,DAL,UTA,2019.0,104.0,113.0,4.5,-4.5,1.0,1.0
84,2018-10-28,LAC,WAS,2019.0,136.0,104.0,-3.5,3.5,1.0,-3.0
85,2018-10-28,OKC,PHO,2019.0,117.0,110.0,-13.5,13.5,-2.0,-3.0
86,2018-10-29,CHI,GSW,2019.0,124.0,149.0,11.0,-11.0,1.0,1.0
87,2018-10-29,DEN,NOP,2019.0,116.0,111.0,-9.5,9.5,3.0,1.0
88,2018-10-29,IND,POR,2019.0,93.0,103.0,-4.0,4.0,1.0,1.0
89,2018-10-29,MIA,SAC,2019.0,113.0,123.0,-9.5,9.5,1.0,1.0
90,2018-10-29,MIL,TOR,2019.0,124.0,109.0,2.0,-2.0,4.0,1.0
91,2018-10-29,MIN,LAL,2019.0,124.0,120.0,1.5,-1.5,-1.0,-1.0
92,2018-10-29,NYK,BRK,2019.0,115.0,96.0,-1.0,1.0,0.0,1.0
93,2018-10-29,PHI,ATL,2019.0,113.0,92.0,-11.0,11.0,-3.0,-1.0
94,2018-10-29,SAS,DAL,2019.0,113.0,108.0,-7.0,7.0,1.0,1.0
95,2018-10-30,BOS,DET,2019.0,108.0,105.0,-8.5,8.5,-1.0,-3.0
96,2018-10-30,CHA,MIA,2019.0,125.0,113.0,-3.0,3.0,1.0,1.0
97,2018-10-30,CLE,ATL,2019.0,136.0,114.0,-4.5,4.5,-1.0,-1.0
98,2018-10-30,HOU,POR,2019.0,85.0,104.0,-4.5,4.5,-3.0,1.0
99,2018-10-30,MEM,WAS,2019.0,107.0,95.0,-1.5,1.5,1.0,-3.0
100,2018-10-30,OKC,LAC,2019.0,128.0,110.0,-3.0,3.0,-3.0,3.0
101,2018-10-30,ORL,SAC,2019.0,99.0,107.0,-4.5,4.5,-1.0,3.0
102,2018-10-30,TOR,PHI,2019.0,129.0,112.0,-6.0,6.0,-1.0,-3.0
103,2018-10-31,BRK,DET,2019.0,120.0,119.0,-2.5,2.5,1.0,-1.0
104,2018-10-31,CHI,DEN,2019.0,107.0,108.0,8.0,-8.0,-1.0,1.0
105,2018-10-31,GSW,NOP,2019.0,131.0,121.0,-9.0,9.0,3.0,1.0
106,2018-10-31,LAL,DAL,2019.0,114.0,113.0,-7.5,7.5,-1.0,1.0
107,2018-10-31,MIN,UTA,2019.0,128.0,125.0,7.5,-7.5,1.0,3.0
108,2018-10-31,NYK,IND,2019.0,101.0,107.0,6.0,-6.0,0.0,1.0
109,2018-10-31,PHO,SAS,2019.0,90.0,120.0,6.5,-6.5,-3.0,-1.0
110,2018-11-01,ATL,SAC,2019.0,115.0,146.0,2.0,-2.0,-1.0,3.0
111,2018-11-01,BOS,MIL,2019.0,117.0,113.0,-2.5,2.5,-1.0,4.0
112,2018-11-01,CHA,OKC,2019.0,107.0,111.0,-1.0,1.0,1.0,-3.0
113,2018-11-01,CLE,DEN,2019.0,91.0,110.0,5.0,-5.0,-1.0,-1.0
114,2018-11-01,PHI,LAC,2019.0,122.0,113.0,-5.5,5.5,-3.0,1.0
115,2018-11-01,POR,NOP,2019.0,132.0,119.0,-8.0,8.0,1.0,-1.0
116,2018-11-02,BRK,HOU,2019.0,111.0,119.0,4.0,-4.0,1.0,-3.0
117,2018-11-02,CHI,IND,2019.0,105.0,107.0,7.0,-7.0,1.0,0.0
118,2018-11-02,DAL,NYK,2019.0,106.0,118.0,-5.5,5.5,1.0,-1.0
119,2018-11-02,GSW,MIN,2019.0,116.0,99.0,-10.5,10.5,3.0,3.0
120,2018-11-02,ORL,LAC,2019.0,95.0,120.0,3.5,-3.5,-1.0,-1.0
121,2018-11-02,PHO,TOR,2019.0,98.0,107.0,10.0,-10.0,-3.0,-1.0
122,2018-11-02,UTA,MEM,2019.0,100.0,110.0,-8.0,8.0,1.0,3.0
123,2018-11-02,WAS,OKC,2019.0,111.0,134.0,-3.5,3.5,-3.0,-1.0
124,2018-11-03,ATL,MIA,2019.0,123.0,118.0,5.5,-5.5,-3.0,-1.0
125,2018-11-03,CHA,CLE,2019.0,126.0,94.0,-10.0,10.0,1.0,-1.0
126,2018-11-03,CHI,HOU,2019.0,88.0,96.0,8.5,-8.5,1.0,-3.0
127,2018-11-03,DEN,UTA,2019.0,103.0,88.0,-4.5,4.5,-1.0,1.0
128,2018-11-03,IND,BOS,2019.0,102.0,101.0,3.5,-3.5,0.0,1.0
129,2018-11-03,PHI,DET,2019.0,109.0,99.0,-7.5,7.5,-1.0,1.0
130,2018-11-03,POR,LAL,2019.0,110.0,114.0,-3.5,3.5,3.0,-1.0
131,2018-11-03,SAS,NOP,2019.0,109.0,95.0,-2.0,2.0,1.0,-3.0
132,2018-11-04,BRK,PHI,2019.0,122.0,97.0,4.0,-4.0,-1.0,1.0
133,2018-11-04,LAL,TOR,2019.0,107.0,121.0,-1.5,1.5,-1.0,-3.0
134,2018-11-04,MIL,SAC,2019.0,144.0,109.0,-9.5,9.5,3.0,5.0
135,2018-11-04,PHO,MEM,2019.0,102.0,100.0,4.0,-4.0,-1.0,3.0
136,2018-11-04,POR,MIN,2019.0,111.0,81.0,-5.5,5.5,1.0,1.0
137,2018-11-04,SAS,ORL,2019.0,110.0,117.0,-7.5,7.5,1.0,-3.0
138,2018-11-04,WAS,NYK,2019.0,108.0,95.0,-6.5,6.5,-5.0,0.0
139,2018-11-05,DEN,BOS,2019.0,115.0,107.0,-1.5,1.5,-1.0,1.0
140,2018-11-05,DET,MIA,2019.0,115.0,120.0,-3.0,3.0,-1.0,-1.0
141,2018-11-05,GSW,MEM,2019.0,117.0,101.0,-14.0,14.0,3.0,1.0
142,2018-11-05,IND,HOU,2019.0,94.0,98.0,-1.0,1.0,0.0,-3.0
143,2018-11-05,LAC,MIN,2019.0,120.0,109.0,-5.5,5.5,1.0,-1.0
144,2018-11-05,NYK,CHI,2019.0,115.0,116.0,-2.5,2.5,0.0,3.0
145,2018-11-05,OKC,NOP,2019.0,122.0,116.0,-3.5,3.5,1.0,-3.0
146,2018-11-05,ORL,CLE,2019.0,102.0,100.0,-4.0,4.0,-3.0,-1.0
147,2018-11-05,UTA,TOR,2019.0,111.0,124.0,-3.0,3.0,-1.0,-1.0
148,2018-11-06,CHA,ATL,2019.0,113.0,102.0,-11.5,11.5,3.0,-3.0
149,2018-11-06,DAL,WAS,2019.0,119.0,100.0,1.5,-1.5,1.0,-3.0
150,2018-11-06,PHO,BRK,2019.0,82.0,104.0,2.5,-2.5,1.0,-1.0
151,2018-11-06,POR,MIL,2019.0,118.0,103.0,2.0,-2.0,3.0,3.0
152,2018-11-07,ATL,NYK,2019.0,107.0,112.0,1.5,-1.5,-1.0,0.0
153,2018-11-07,CLE,OKC,2019.0,86.0,95.0,6.0,-6.0,-1.0,3.0
154,2018-11-07,IND,PHI,2019.0,94.0,100.0,-3.0,3.0,-2.0,1.0
155,2018-11-07,LAL,MIN,2019.0,114.0,110.0,-5.5,5.5,-3.0,-1.0
156,2018-11-07,MEM,DEN,2019.0,89.0,87.0,3.5,-3.5,1.0,1.0
157,2018-11-07,MIA,SAS,2019.0,95.0,88.0,-1.5,1.5,-1.0,1.0
158,2018-11-07,NOP,CHI,2019.0,107.0,98.0,-11.0,11.0,-3.0,3.0
159,2018-11-07,ORL,DET,2019.0,96.0,103.0,2.5,-2.5,-3.0,-1.0
160,2018-11-07,SAC,TOR,2019.0,105.0,114.0,9.0,-9.0,3.0,1.0
161,2018-11-07,UTA,DAL,2019.0,117.0,102.0,-9.5,9.5,-3.0,1.0
162,2018-11-08,GSW,MIL,2019.0,111.0,134.0,-5.5,5.5,3.0,1.0
163,2018-11-08,OKC,HOU,2019.0,98.0,80.0,5.0,-5.0,5.0,-1.0
164,2018-11-08,PHO,BOS,2019.0,109.0,116.0,9.5,-9.5,1.0,-1.0
165,2018-11-08,POR,LAC,2019.0,116.0,105.0,-5.0,5.0,3.0,1.0
166,2018-11-09,ATL,DET,2019.0,109.0,124.0,5.5,-5.5,-1.0,1.0
167,2018-11-09,DEN,BRK,2019.0,110.0,112.0,-8.5,8.5,1.0,-1.0
168,2018-11-09,MIA,IND,2019.0,102.0,110.0,2.0,-2.0,-1.0,-2.0
169,2018-11-09,ORL,WAS,2019.0,117.0,108.0,4.0,-4.0,-3.0,-3.0
170,2018-11-09,PHI,CHA,2019.0,133.0,132.0,-5.5,5.5,1.0,1.0
171,2018-11-09,SAC,MIN,2019.0,121.0,110.0,2.0,-2.0,2.0,-1.0
172,2018-11-09,UTA,BOS,2019.0,123.0,115.0,-5.5,5.5,-3.0,-3.0
173,2018-11-10,CHI,CLE,2019.0,99.0,98.0,-4.5,4.5,5.0,-1.0
174,2018-11-10,DAL,OKC,2019.0,111.0,96.0,-1.5,1.5,1.0,5.0
175,2018-11-10,GSW,BRK,2019.0,116.0,100.0,-8.0,8.0,3.0,1.0
176,2018-11-10,LAC,MIL,2019.0,128.0,126.0,4.0,-4.0,-1.0,1.0
177,2018-11-10,MEM,PHI,2019.0,112.0,106.0,-5.0,5.0,1.0,1.0
178,2018-11-10,MIA,WAS,2019.0,110.0,116.0,-3.5,3.5,-1.0,-3.0
179,2018-11-10,NOP,PHO,2019.0,119.0,99.0,-9.0,9.0,-5.0,1.0
180,2018-11-10,SAC,LAL,2019.0,86.0,101.0,5.5,-5.5,2.0,-3.0
181,2018-11-10,SAS,HOU,2019.0,96.0,89.0,3.5,-3.5,-1.0,-1.0
182,2018-11-10,TOR,NYK,2019.0,128.0,112.0,-14.5,14.5,2.0,0.0
183,2018-11-11,DEN,MIL,2019.0,114.0,121.0,-3.5,3.5,1.0,-1.0
184,2018-11-11,DET,CHA,2019.0,103.0,113.0,-2.5,2.5,1.0,1.0
185,2018-11-11,HOU,IND,2019.0,115.0,103.0,-2.5,2.5,-1.0,-1.0
186,2018-11-11,LAL,ATL,2019.0,107.0,106.0,-11.5,11.5,-1.0,-1.0
187,2018-11-11,NYK,ORL,2019.0,89.0,115.0,-3.5,3.5,-1.0,-1.0
188,2018-11-11,POR,BOS,2019.0,100.0,94.0,-2.0,2.0,3.0,-3.0
189,2018-11-12,CHI,DAL,2019.0,98.0,103.0,2.5,-2.5,3.0,1.0
190,2018-11-12,LAC,GSW,2019.0,121.0,116.0,3.5,-3.5,1.0,3.0
191,2018-11-12,MEM,UTA,2019.0,88.0,96.0,3.5,-3.5,1.0,-1.0
192,2018-11-12,MIA,PHI,2019.0,114.0,124.0,-2.5,2.5,-1.0,-1.0
193,2018-11-12,MIN,BRK,2019.0,120.0,113.0,-4.0,4.0,-3.0,1.0
194,2018-11-12,OKC,PHO,2019.0,118.0,101.0,-8.0,8.0,3.0,1.0
195,2018-11-12,SAC,SAS,2019.0,104.0,99.0,2.5,-2.5,0.0,1.0
196,2018-11-12,TOR,NOP,2019.0,110.0,126.0,-9.5,9.5,2.0,-3.0
197,2018-11-12,WAS,ORL,2019.0,117.0,109.0,-7.5,7.5,-1.0,1.0
198,2018-11-13,CLE,CHA,2019.0,113.0,89.0,9.0,-9.0,-1.0,1.0
199,2018-11-13,DEN,HOU,2019.0,99.0,109.0,-4.5,4.5,-1.0,-1.0
200,2018-11-13,GSW,ATL,2019.0,110.0,103.0,-11.5,11.5,1.0,1.0
201,2018-11-14,BOS,CHI,2019.0,111.0,82.0,-13.0,13.0,-5.0,1.0
202,2018-11-14,BRK,MIA,2019.0,107.0,120.0,2.5,-2.5,1.0,-1.0
203,2018-11-14,DAL,UTA,2019.0,118.0,68.0,5.0,-5.0,1.0,1.0
204,2018-11-14,LAL,POR,2019.0,126.0,117.0,-2.5,2.5,-1.0,3.0
205,2018-11-14,MIL,MEM,2019.0,113.0,116.0,-9.5,9.5,1.0,-1.0
206,2018-11-14,MIN,NOP,2019.0,107.0,100.0,1.5,-1.5,-1.0,-1.0
207,2018-11-14,OKC,NYK,2019.0,128.0,103.0,-8.5,8.5,3.0,-3.0
208,2018-11-14,ORL,PHI,2019.0,111.0,106.0,5.5,-5.5,-1.0,-1.0
209,2018-11-14,PHO,SAS,2019.0,116.0,96.0,6.0,-6.0,-1.0,-1.0
210,2018-11-14,TOR,DET,2019.0,104.0,106.0,-9.5,9.5,2.0,-1.0
211,2018-11-14,WAS,CLE,2019.0,119.0,95.0,-11.5,11.5,1.0,1.0
212,2018-11-15,DEN,ATL,2019.0,138.0,93.0,-14.0,14.0,-3.0,1.0
213,2018-11-15,HOU,GSW,2019.0,107.0,86.0,-4.0,4.0,1.0,-1.0
214,2018-11-15,LAC,SAS,2019.0,116.0,111.0,-6.0,6.0,3.0,-3.0
215,2018-11-16,BOS,TOR,2019.0,123.0,116.0,-2.0,2.0,-3.0,0.0
216,2018-11-16,IND,MIA,2019.0,99.0,91.0,-5.0,5.0,-1.0,-1.0
217,2018-11-16,MEM,SAC,2019.0,112.0,104.0,-6.5,6.5,1.0,0.0
218,2018-11-16,MIL,CHI,2019.0,123.0,104.0,-14.5,14.5,-1.0,-1.0
219,2018-11-16,MIN,POR,2019.0,112.0,96.0,-1.0,1.0,1.0,3.0
220,2018-11-16,NOP,NYK,2019.0,129.0,124.0,-11.0,11.0,-1.0,-3.0
221,2018-11-16,PHI,UTA,2019.0,113.0,107.0,-2.5,2.5,-1.0,1.0
222,2018-11-16,WAS,BRK,2019.0,104.0,115.0,-6.0,6.0,1.0,-1.0
223,2018-11-17,BOS,UTA,2019.0,86.0,98.0,-4.0,4.0,-1.0,1.0
224,2018-11-17,BRK,LAC,2019.0,119.0,127.0,4.0,-4.0,-1.0,1.0
225,2018-11-17,CHA,PHI,2019.0,119.0,122.0,-2.5,2.5,1.0,-1.0
226,2018-11-17,CHI,TOR,2019.0,83.0,122.0,9.5,-9.5,-3.0,-2.0
227,2018-11-17,DAL,GSW,2019.0,112.0,109.0,2.0,-2.0,3.0,-3.0
228,2018-11-17,HOU,SAC,2019.0,132.0,112.0,-12.0,12.0,1.0,0.0
229,2018-11-17,IND,ATL,2019.0,97.0,89.0,-11.0,11.0,-1.0,-1.0
230,2018-11-17,NOP,DEN,2019.0,125.0,115.0,0.0,0.0,-1.0,-3.0
231,2018-11-17,ORL,LAL,2019.0,130.0,117.0,4.0,-4.0,1.0,-1.0
232,2018-11-17,PHO,OKC,2019.0,100.0,110.0,5.0,-5.0,-1.0,3.0
233,2018-11-18,MIA,LAL,2019.0,97.0,113.0,1.0,-1.0,-3.0,-1.0
234,2018-11-18,MIN,MEM,2019.0,87.0,100.0,-5.0,5.0,3.0,3.0
235,2018-11-18,ORL,NYK,2019.0,131.0,117.0,-4.5,4.5,3.0,-1.0
236,2018-11-18,SAS,GSW,2019.0,104.0,92.0,-3.0,3.0,-1.0,-3.0
237,2018-11-18,WAS,POR,2019.0,109.0,119.0,1.5,-1.5,1.0,1.0
238,2018-11-19,ATL,LAC,2019.0,119.0,127.0,6.5,-6.5,1.0,1.0
239,2018-11-19,CHA,BOS,2019.0,117.0,112.0,3.5,-3.5,-1.0,-1.0
240,2018-11-19,DET,CLE,2019.0,113.0,102.0,-9.5,9.5,1.0,1.0
241,2018-11-19,IND,UTA,2019.0,121.0,94.0,4.0,-4.0,-1.0,1.0
242,2018-11-19,MEM,DAL,2019.0,98.0,88.0,-3.0,3.0,3.0,3.0
243,2018-11-19,MIL,DEN,2019.0,104.0,98.0,-5.5,5.5,1.0,-3.0
244,2018-11-19,NOP,SAS,2019.0,140.0,126.0,-7.5,7.5,1.0,1.0
245,2018-11-19,PHI,PHO,2019.0,119.0,114.0,-11.0,11.0,1.0,-1.0
246,2018-11-19,SAC,OKC,2019.0,117.0,113.0,5.0,-5.0,-1.0,3.0
247,2018-11-20,MIA,BRK,2019.0,92.0,104.0,-2.5,2.5,-3.0,-3.0
248,2018-11-20,NYK,POR,2019.0,114.0,118.0,7.0,-7.0,-3.0,1.0
249,2018-11-20,ORL,TOR,2019.0,91.0,93.0,7.0,-7.0,3.0,-1.0
250,2018-11-20,WAS,LAC,2019.0,125.0,118.0,1.0,-1.0,1.0,3.0
251,2018-11-21,ATL,TOR,2019.0,108.0,124.0,8.0,-8.0,1.0,-3.0
252,2018-11-21,BOS,NYK,2019.0,109.0,117.0,-14.5,14.5,-1.0,-1.0
253,2018-11-21,CHA,IND,2019.0,127.0,109.0,-3.5,3.5,1.0,1.0
254,2018-11-21,CHI,PHO,2019.0,124.0,116.0,1.5,-1.5,-5.0,-1.0
255,2018-11-21,CLE,LAL,2019.0,105.0,109.0,9.0,-9.0,-1.0,1.0
256,2018-11-21,DAL,BRK,2019.0,119.0,113.0,-5.5,5.5,3.0,-1.0
257,2018-11-21,GSW,OKC,2019.0,95.0,123.0,1.0,-1.0,-5.0,1.0
258,2018-11-21,HOU,DET,2019.0,126.0,124.0,-9.0,9.0,3.0,3.0
259,2018-11-21,MIL,POR,2019.0,143.0,100.0,-7.5,7.5,1.0,-1.0
260,2018-11-21,MIN,DEN,2019.0,101.0,103.0,-1.0,1.0,1.0,-3.0
261,2018-11-21,PHI,NOP,2019.0,121.0,120.0,-3.5,3.5,1.0,1.0
262,2018-11-21,SAS,MEM,2019.0,103.0,104.0,-3.0,3.0,-1.0,3.0
263,2018-11-21,UTA,SAC,2019.0,110.0,119.0,-9.5,9.5,-1.0,-1.0
264,2018-11-23,ATL,BOS,2019.0,96.0,114.0,8.0,-8.0,-1.0,-1.0
265,2018-11-23,BRK,MIN,2019.0,102.0,112.0,2.0,-2.0,-1.0,1.0
266,2018-11-23,CHI,MIA,2019.0,96.0,103.0,4.0,-4.0,-3.0,-3.0
267,2018-11-23,DEN,ORL,2019.0,112.0,87.0,-8.5,8.5,-1.0,3.0
268,2018-11-23,DET,HOU,2019.0,116.0,111.0,4.0,-4.0,3.0,3.0
269,2018-11-23,GSW,POR,2019.0,125.0,97.0,-1.0,1.0,-5.0,-3.0
270,2018-11-23,IND,SAS,2019.0,100.0,111.0,-1.5,1.5,-1.0,-1.0
271,2018-11-23,LAC,MEM,2019.0,112.0,107.0,-4.5,4.5,1.0,5.0
272,2018-11-23,LAL,UTA,2019.0,90.0,83.0,-2.5,2.5,-1.0,-3.0
273,2018-11-23,MIL,PHO,2019.0,114.0,116.0,-13.5,13.5,3.0,-1.0
274,2018-11-23,NYK,NOP,2019.0,114.0,109.0,7.5,-7.5,1.0,1.0
275,2018-11-23,OKC,CHA,2019.0,109.0,104.0,-6.5,6.5,3.0,1.0
276,2018-11-23,PHI,CLE,2019.0,112.0,121.0,-13.0,13.0,-1.0,1.0
277,2018-11-23,TOR,WAS,2019.0,125.0,107.0,-10.5,10.5,-1.0,1.0
278,2018-11-24,CLE,HOU,2019.0,117.0,108.0,6.5,-6.5,1.0,1.0
279,2018-11-24,DAL,BOS,2019.0,113.0,104.0,2.5,-2.5,3.0,-1.0
280,2018-11-24,GSW,SAC,2019.0,117.0,116.0,-6.5,6.5,-3.0,1.0
281,2018-11-24,MIL,SAS,2019.0,135.0,129.0,-9.5,9.5,1.0,1.0
282,2018-11-24,MIN,CHI,2019.0,111.0,96.0,-11.5,11.5,1.0,-3.0
283,2018-11-24,OKC,DEN,2019.0,98.0,105.0,-6.0,6.0,1.0,1.0
284,2018-11-24,WAS,NOP,2019.0,124.0,114.0,-3.5,3.5,-1.0,1.0
285,2018-11-25,ATL,CHA,2019.0,124.0,123.0,6.5,-6.5,-3.0,1.0
286,2018-11-25,BRK,PHI,2019.0,125.0,127.0,4.5,-4.5,-1.0,-1.0
287,2018-11-25,DET,PHO,2019.0,118.0,107.0,-8.5,8.5,3.0,1.0
288,2018-11-25,LAL,ORL,2019.0,104.0,108.0,-7.5,7.5,1.0,3.0
289,2018-11-25,MEM,NYK,2019.0,98.0,103.0,-8.0,8.0,3.0,3.0
290,2018-11-25,POR,LAC,2019.0,100.0,104.0,-4.0,4.0,-3.0,1.0
291,2018-11-25,SAC,UTA,2019.0,112.0,133.0,4.0,-4.0,1.0,-3.0
292,2018-11-25,TOR,MIA,2019.0,125.0,115.0,-12.0,12.0,1.0,-1.0
293,2018-11-26,CHA,MIL,2019.0,110.0,107.0,4.5,-4.5,1.0,1.0
294,2018-11-26,CHI,SAS,2019.0,107.0,108.0,6.5,-6.5,-3.0,1.0
295,2018-11-26,CLE,MIN,2019.0,95.0,102.0,6.0,-6.0,1.0,1.0
296,2018-11-26,GSW,ORL,2019.0,116.0,110.0,-7.0,7.0,-3.0,3.0
297,2018-11-26,NOP,BOS,2019.0,107.0,124.0,-2.0,2.0,1.0,-3.0
298,2018-11-26,UTA,IND,2019.0,88.0,121.0,-4.5,4.5,-1.0,-1.0
299,2018-11-26,WAS,HOU,2019.0,135.0,131.0,-1.5,1.5,-1.0,-1.0
300,2018-11-27,DEN,LAL,2019.0,117.0,85.0,-3.0,3.0,1.0,-1.0
301,2018-11-27,DET,NYK,2019.0,115.0,108.0,-7.5,7.5,5.0,3.0
302,2018-11-27,MEM,TOR,2019.0,114.0,122.0,5.5,-5.5,1.0,1.0
303,2018-11-27,MIA,ATL,2019.0,113.0,115.0,-8.0,8.0,-1.0,-1.0
304,2018-11-27,PHO,IND,2019.0,104.0,109.0,2.5,-2.5,-1.0,-1.0
305,2018-11-28,BRK,UTA,2019.0,91.0,101.0,3.5,-3.5,-1.0,-3.0
306,2018-11-28,CHA,ATL,2019.0,108.0,94.0,-12.0,12.0,3.0,-1.0
307,2018-11-28,HOU,DAL,2019.0,108.0,128.0,-5.5,5.5,-3.0,3.0
308,2018-11-28,LAC,PHO,2019.0,115.0,99.0,-12.0,12.0,3.0,-1.0
309,2018-11-28,MIL,CHI,2019.0,116.0,113.0,-14.5,14.5,-1.0,-1.0
310,2018-11-28,MIN,SAS,2019.0,128.0,89.0,-4.5,4.5,1.0,-1.0
311,2018-11-28,NOP,WAS,2019.0,125.0,104.0,-6.5,6.5,-1.0,1.0
312,2018-11-28,OKC,CLE,2019.0,100.0,83.0,-12.5,12.5,-1.0,1.0
313,2018-11-28,PHI,NYK,2019.0,117.0,91.0,-12.5,12.5,-3.0,5.0
314,2018-11-28,POR,ORL,2019.0,115.0,112.0,-10.0,10.0,-3.0,3.0
315,2018-11-29,LAL,IND,2019.0,104.0,96.0,-5.0,5.0,-1.0,1.0
316,2018-11-29,SAC,LAC,2019.0,121.0,133.0,2.0,-2.0,1.0,3.0
317,2018-11-29,TOR,GSW,2019.0,131.0,128.0,-9.5,9.5,1.0,-3.0
318,2018-11-30,BOS,CLE,2019.0,128.0,95.0,-12.5,12.5,-1.0,1.0
319,2018-11-30,BRK,MEM,2019.0,125.0,131.0,2.5,-2.5,-1.0,-1.0
320,2018-11-30,CHA,UTA,2019.0,111.0,119.0,-2.0,2.0,3.0,-1.0
321,2018-11-30,DET,CHI,2019.0,107.0,88.0,-8.5,8.5,3.0,1.0
322,2018-11-30,LAL,DAL,2019.0,114.0,103.0,-4.0,4.0,-1.0,3.0
323,2018-11-30,MIA,NOP,2019.0,106.0,101.0,3.0,-3.0,-1.0,-1.0
324,2018-11-30,OKC,ATL,2019.0,124.0,109.0,-13.0,13.0,-1.0,-1.0
325,2018-11-30,PHI,WAS,2019.0,123.0,98.0,-8.5,8.5,-3.0,1.0
326,2018-11-30,PHO,ORL,2019.0,85.0,99.0,4.5,-4.5,-3.0,3.0
327,2018-11-30,POR,DEN,2019.0,112.0,113.0,-1.5,1.5,-5.0,3.0
328,2018-11-30,SAS,HOU,2019.0,105.0,136.0,3.5,-3.5,-1.0,-5.0
329,2018-12-01,CLE,TOR,2019.0,95.0,106.0,12.0,-12.0,-1.0,1.0
330,2018-12-01,DET,GSW,2019.0,111.0,102.0,4.5,-4.5,3.0,-1.0
331,2018-12-01,HOU,CHI,2019.0,121.0,105.0,-13.0,13.0,-3.0,-1.0
332,2018-12-01,MIN,BOS,2019.0,109.0,118.0,-1.5,1.5,3.0,1.0
333,2018-12-01,NYK,MIL,2019.0,136.0,134.0,8.5,-8.5,3.0,-3.0
334,2018-12-01,SAC,IND,2019.0,111.0,110.0,1.5,-1.5,1.0,-1.0
335,2018-12-01,WAS,BRK,2019.0,102.0,88.0,-6.5,6.5,-1.0,-3.0
336,2018-12-02,CHA,NOP,2019.0,109.0,119.0,-3.0,3.0,1.0,-3.0
337,2018-12-02,DAL,LAC,2019.0,114.0,110.0,3.5,-3.5,1.0,3.0
338,2018-12-02,LAL,PHO,2019.0,120.0,96.0,-11.5,11.5,1.0,-3.0
339,2018-12-02,MIA,UTA,2019.0,102.0,100.0,4.0,-4.0,1.0,1.0
340,2018-12-02,PHI,MEM,2019.0,103.0,95.0,-6.5,6.5,-1.0,-1.0
341,2018-12-02,SAS,POR,2019.0,131.0,118.0,1.0,-1.0,-1.0,-5.0
342,2018-12-03,ATL,GSW,2019.0,111.0,128.0,10.5,-10.5,-1.0,-1.0
343,2018-12-03,BRK,CLE,2019.0,97.0,99.0,-6.0,6.0,-3.0,-1.0
344,2018-12-03,DET,OKC,2019.0,83.0,110.0,2.0,-2.0,3.0,1.0
345,2018-12-03,MIN,HOU,2019.0,103.0,91.0,2.5,-2.5,3.0,-1.0
346,2018-12-03,NOP,LAC,2019.0,126.0,129.0,-1.5,1.5,-1.0,3.0
347,2018-12-03,NYK,WAS,2019.0,107.0,110.0,2.5,-2.5,3.0,1.0
348,2018-12-03,TOR,DEN,2019.0,103.0,106.0,-7.0,7.0,-1.0,5.0
349,2018-12-04,DAL,POR,2019.0,111.0,102.0,-1.5,1.5,3.0,-5.0
350,2018-12-04,IND,CHI,2019.0,96.0,90.0,-8.0,8.0,-1.0,-1.0
351,2018-12-04,MIA,ORL,2019.0,90.0,105.0,-2.5,2.5,3.0,3.0
352,2018-12-04,PHO,SAC,2019.0,105.0,122.0,5.5,-5.5,-5.0,1.0
353,2018-12-04,UTA,SAS,2019.0,139.0,105.0,-8.0,8.0,1.0,-1.0
354,2018-12-05,ATL,WAS,2019.0,117.0,131.0,3.5,-3.5,-1.0,1.0
355,2018-12-05,BRK,OKC,2019.0,112.0,114.0,6.5,-6.5,-3.0,1.0
356,2018-12-05,CLE,GSW,2019.0,105.0,129.0,11.0,-11.0,-1.0,-1.0
357,2018-12-05,LAL,SAS,2019.0,121.0,113.0,-7.5,7.5,1.0,-3.0
358,2018-12-05,MEM,LAC,2019.0,96.0,86.0,-2.0,2.0,-3.0,3.0
359,2018-12-05,MIL,DET,2019.0,115.0,92.0,-7.5,7.5,-5.0,1.0
360,2018-12-05,MIN,CHA,2019.0,121.0,104.0,-4.5,4.5,3.0,-1.0
361,2018-12-05,NOP,DAL,2019.0,132.0,106.0,-5.5,5.5,-1.0,3.0
362,2018-12-05,ORL,DEN,2019.0,118.0,124.0,4.5,-4.5,5.0,5.0
363,2018-12-05,TOR,PHI,2019.0,113.0,102.0,-6.5,6.5,-3.0,1.0
364,2018-12-06,BOS,NYK,2019.0,128.0,100.0,-13.5,13.5,3.0,1.0
365,2018-12-06,POR,PHO,2019.0,108.0,86.0,-12.5,12.5,-5.0,-5.0
366,2018-12-06,UTA,HOU,2019.0,118.0,91.0,-1.5,1.5,1.0,-1.0
367,2018-12-07,BRK,TOR,2019.0,106.0,105.0,8.5,-8.5,-3.0,-1.0
368,2018-12-07,CHA,DEN,2019.0,113.0,107.0,-1.0,1.0,-1.0,5.0
369,2018-12-07,CHI,OKC,2019.0,114.0,112.0,8.5,-8.5,1.0,1.0
370,2018-12-07,CLE,SAC,2019.0,110.0,129.0,3.0,-3.0,-1.0,1.0
371,2018-12-07,DET,PHI,2019.0,111.0,117.0,-2.5,2.5,-1.0,1.0
372,2018-12-07,MIL,GSW,2019.0,95.0,105.0,-2.0,2.0,-3.0,1.0
373,2018-12-07,NOP,MEM,2019.0,103.0,107.0,-5.0,5.0,1.0,-1.0
374,2018-12-07,ORL,IND,2019.0,90.0,112.0,-4.0,4.0,3.0,-1.0
375,2018-12-07,PHO,MIA,2019.0,98.0,115.0,8.5,-8.5,-5.0,1.0
376,2018-12-07,SAS,LAL,2019.0,133.0,120.0,1.0,-1.0,-3.0,3.0
377,2018-12-08,ATL,DEN,2019.0,106.0,98.0,5.5,-5.5,-3.0,3.0
378,2018-12-08,CHI,BOS,2019.0,77.0,133.0,7.5,-7.5,1.0,3.0
379,2018-12-08,CLE,WAS,2019.0,116.0,101.0,7.5,-7.5,-1.0,1.0
380,2018-12-08,DAL,HOU,2019.0,107.0,104.0,3.5,-3.5,1.0,-1.0
381,2018-12-08,IND,SAC,2019.0,107.0,97.0,-5.5,5.5,-1.0,1.0
382,2018-12-08,LAC,MIA,2019.0,98.0,121.0,-9.5,9.5,1.0,1.0
383,2018-12-08,MEM,LAL,2019.0,88.0,111.0,-2.5,2.5,1.0,3.0
384,2018-12-08,NYK,BRK,2019.0,104.0,112.0,-2.0,2.0,-1.0,-1.0
385,2018-12-08,POR,MIN,2019.0,113.0,105.0,-3.0,3.0,-3.0,3.0
386,2018-12-09,DET,NOP,2019.0,108.0,116.0,2.5,-2.5,-1.0,-1.0
387,2018-12-09,NYK,CHA,2019.0,107.0,119.0,6.0,-6.0,-3.0,-1.0
388,2018-12-09,SAS,UTA,2019.0,110.0,97.0,4.0,-4.0,-1.0,3.0
389,2018-12-09,TOR,MIL,2019.0,99.0,104.0,-5.0,5.0,-3.0,-3.0
390,2018-12-10,BOS,NOP,2019.0,113.0,100.0,-2.5,2.5,5.0,1.0
391,2018-12-10,CHI,SAC,2019.0,89.0,108.0,2.0,-2.0,-1.0,1.0
392,2018-12-10,DAL,ORL,2019.0,101.0,76.0,-4.5,4.5,1.0,1.0
393,2018-12-10,DEN,MEM,2019.0,105.0,99.0,-3.0,3.0,1.0,1.0
394,2018-12-10,GSW,MIN,2019.0,116.0,108.0,-9.5,9.5,3.0,1.0
395,2018-12-10,IND,WAS,2019.0,109.0,101.0,-6.0,6.0,-1.0,1.0
396,2018-12-10,LAL,MIA,2019.0,108.0,105.0,-5.5,5.5,3.0,3.0
397,2018-12-10,MIL,CLE,2019.0,108.0,92.0,-10.5,10.5,-1.0,1.0
398,2018-12-10,OKC,UTA,2019.0,122.0,113.0,-5.0,5.0,1.0,1.0
399,2018-12-10,PHI,DET,2019.0,116.0,102.0,-11.5,11.5,3.0,-3.0
400,2018-12-10,PHO,LAC,2019.0,119.0,123.0,9.5,-9.5,-5.0,-1.0
401,2018-12-11,HOU,POR,2019.0,111.0,103.0,-6.5,6.5,-1.0,-1.0
402,2018-12-11,LAC,TOR,2019.0,99.0,123.0,3.0,-3.0,-3.0,-3.0
403,2018-12-11,SAS,PHO,2019.0,111.0,86.0,-12.5,12.5,1.0,-3.0
404,2018-12-12,CHA,DET,2019.0,108.0,107.0,-5.5,5.5,-1.0,-5.0
405,2018-12-12,CLE,NYK,2019.0,113.0,106.0,1.5,-1.5,-1.0,-3.0
406,2018-12-12,DAL,ATL,2019.0,114.0,107.0,-9.5,9.5,3.0,-3.0
407,2018-12-12,GSW,TOR,2019.0,93.0,113.0,-8.0,8.0,1.0,-1.0
408,2018-12-12,IND,MIL,2019.0,113.0,97.0,2.0,-2.0,1.0,1.0
409,2018-12-12,MEM,POR,2019.0,92.0,83.0,-3.5,3.5,-1.0,-1.0
410,2018-12-12,NOP,OKC,2019.0,118.0,114.0,2.0,-2.0,-1.0,1.0
411,2018-12-12,PHI,BRK,2019.0,124.0,127.0,-6.0,6.0,3.0,1.0
412,2018-12-12,SAC,MIN,2019.0,141.0,130.0,3.5,-3.5,3.0,1.0
413,2018-12-12,UTA,MIA,2019.0,111.0,84.0,-8.5,8.5,-1.0,3.0
414,2018-12-12,WAS,BOS,2019.0,125.0,130.0,3.5,-3.5,1.0,5.0
415,2018-12-13,HOU,LAL,2019.0,126.0,111.0,-6.0,6.0,-1.0,1.0
416,2018-12-13,ORL,CHI,2019.0,97.0,91.0,-5.5,5.5,-1.0,-1.0
417,2018-12-13,PHO,DAL,2019.0,99.0,89.0,6.0,-6.0,-3.0,1.0
418,2018-12-13,SAS,LAC,2019.0,125.0,87.0,-3.0,3.0,1.0,-3.0
419,2018-12-14,BOS,ATL,2019.0,129.0,108.0,-12.0,12.0,5.0,-1.0
420,2018-12-14,BRK,WAS,2019.0,125.0,118.0,-3.0,3.0,3.0,-1.0
421,2018-12-14,CHA,NYK,2019.0,124.0,126.0,-10.0,10.0,-1.0,-5.0
422,2018-12-14,CLE,MIL,2019.0,102.0,114.0,9.5,-9.5,-1.0,1.0
423,2018-12-14,DEN,OKC,2019.0,109.0,98.0,2.0,-2.0,1.0,-1.0
424,2018-12-14,MEM,MIA,2019.0,97.0,100.0,-4.0,4.0,1.0,1.0
425,2018-12-14,PHI,IND,2019.0,101.0,113.0,-3.0,3.0,1.0,3.0
426,2018-12-14,POR,TOR,2019.0,128.0,122.0,1.5,-1.5,-1.0,1.0
427,2018-12-14,SAC,GSW,2019.0,125.0,130.0,7.0,-7.0,3.0,1.0
428,2018-12-15,CHA,LAL,2019.0,100.0,128.0,1.0,-1.0,-1.0,-1.0
429,2018-12-15,DET,BOS,2019.0,113.0,104.0,2.0,-2.0,-3.0,5.0
430,2018-12-15,MEM,HOU,2019.0,97.0,105.0,5.0,-5.0,-1.0,-1.0
431,2018-12-15,OKC,LAC,2019.0,110.0,104.0,-6.5,6.5,-3.0,-5.0
432,2018-12-15,ORL,UTA,2019.0,96.0,89.0,6.0,-6.0,-1.0,1.0
433,2018-12-15,PHO,MIN,2019.0,107.0,99.0,7.5,-7.5,-1.0,1.0
434,2018-12-15,SAS,CHI,2019.0,93.0,98.0,-9.5,9.5,3.0,-1.0
435,2018-12-16,BRK,ATL,2019.0,144.0,127.0,-7.0,7.0,5.0,-1.0
436,2018-12-16,CLE,PHI,2019.0,105.0,128.0,9.0,-9.0,-1.0,-1.0
437,2018-12-16,DAL,SAC,2019.0,113.0,120.0,-4.5,4.5,-1.0,3.0
438,2018-12-16,DEN,TOR,2019.0,95.0,86.0,-3.0,3.0,1.0,-1.0
439,2018-12-16,IND,NYK,2019.0,110.0,99.0,-12.0,12.0,5.0,-3.0
440,2018-12-16,NOP,MIA,2019.0,96.0,102.0,-5.5,5.5,1.0,3.0
441,2018-12-16,WAS,LAL,2019.0,128.0,110.0,3.5,-3.5,-3.0,-1.0
442,2018-12-17,DET,MIL,2019.0,104.0,107.0,3.0,-3.0,-1.0,1.0
443,2018-12-17,GSW,MEM,2019.0,110.0,93.0,-13.0,13.0,-1.0,-3.0
444,2018-12-17,HOU,UTA,2019.0,102.0,97.0,-5.0,5.0,1.0,-1.0
445,2018-12-17,LAC,POR,2019.0,127.0,131.0,-1.5,1.5,-3.0,1.0
446,2018-12-17,MIN,SAC,2019.0,132.0,105.0,-8.0,8.0,-1.0,3.0
447,2018-12-17,NYK,PHO,2019.0,110.0,128.0,1.5,-1.5,-1.0,1.0
448,2018-12-17,OKC,CHI,2019.0,121.0,96.0,-12.5,12.5,-3.0,-1.0
449,2018-12-17,SAS,PHI,2019.0,123.0,96.0,-1.0,1.0,3.0,1.0
450,2018-12-18,ATL,WAS,2019.0,118.0,110.0,3.0,-3.0,-1.0,-3.0
451,2018-12-18,BRK,LAL,2019.0,115.0,110.0,1.5,-1.5,5.0,-1.0
452,2018-12-18,DEN,DAL,2019.0,126.0,118.0,-4.5,4.5,1.0,-1.0
453,2018-12-18,IND,CLE,2019.0,91.0,92.0,-12.5,12.5,3.0,-1.0
454,2018-12-19,BOS,PHO,2019.0,103.0,111.0,-11.5,11.5,3.0,3.0
455,2018-12-19,CHA,CLE,2019.0,110.0,99.0,-13.5,13.5,-1.0,-1.0
456,2018-12-19,CHI,BRK,2019.0,93.0,96.0,1.5,-1.5,-3.0,5.0
457,2018-12-19,HOU,WAS,2019.0,136.0,118.0,-11.0,11.0,2.0,-3.0
458,2018-12-19,MIL,NOP,2019.0,123.0,115.0,-9.0,9.0,2.0,-1.0
459,2018-12-19,MIN,DET,2019.0,123.0,129.0,-5.5,5.5,-1.0,0.0
460,2018-12-19,ORL,SAS,2019.0,90.0,129.0,3.0,-3.0,-1.0,3.0
461,2018-12-19,PHI,NYK,2019.0,131.0,109.0,-12.5,12.5,-1.0,-1.0
462,2018-12-19,POR,MEM,2019.0,99.0,92.0,-5.5,5.5,1.0,-3.0
463,2018-12-19,SAC,OKC,2019.0,113.0,132.0,4.5,-4.5,3.0,-1.0
464,2018-12-19,TOR,IND,2019.0,99.0,96.0,-4.5,4.5,-1.0,1.0
465,2018-12-19,UTA,GSW,2019.0,108.0,103.0,2.0,-2.0,-2.0,-1.0
466,2018-12-20,LAC,DAL,2019.0,125.0,121.0,-3.5,3.5,-3.0,-3.0
467,2018-12-20,MIA,HOU,2019.0,101.0,99.0,3.0,-3.0,3.0,4.0
468,2018-12-21,BOS,MIL,2019.0,107.0,120.0,1.5,-1.5,1.0,0.0
469,2018-12-21,BRK,IND,2019.0,106.0,114.0,3.0,-3.0,5.0,1.0
470,2018-12-21,CHA,DET,2019.0,98.0,86.0,-4.0,4.0,-3.0,2.0
471,2018-12-21,CHI,ORL,2019.0,90.0,80.0,3.0,-3.0,-3.0,-1.0
472,2018-12-21,LAL,NOP,2019.0,112.0,104.0,-5.0,5.0,-3.0,1.0
473,2018-12-21,NYK,ATL,2019.0,107.0,114.0,-2.0,2.0,-1.0,1.0
474,2018-12-21,POR,UTA,2019.0,90.0,120.0,-2.0,2.0,1.0,0.0
475,2018-12-21,SAC,MEM,2019.0,102.0,99.0,-2.0,2.0,1.0,-3.0
476,2018-12-21,SAS,MIN,2019.0,124.0,98.0,-4.0,4.0,3.0,-1.0
477,2018-12-21,TOR,CLE,2019.0,126.0,110.0,-11.5,11.5,-1.0,1.0
478,2018-12-22,GSW,DAL,2019.0,120.0,116.0,-11.0,11.0,-3.0,-5.0
479,2018-12-22,HOU,SAS,2019.0,108.0,101.0,-4.5,4.5,2.0,3.0
480,2018-12-22,LAC,DEN,2019.0,132.0,111.0,-2.0,2.0,-1.0,3.0
481,2018-12-22,MIA,MIL,2019.0,94.0,87.0,2.0,-2.0,3.0,0.0
482,2018-12-22,PHI,TOR,2019.0,126.0,101.0,-7.5,7.5,-1.0,-1.0
483,2018-12-22,UTA,OKC,2019.0,106.0,107.0,-2.0,2.0,2.0,-1.0
484,2018-12-22,WAS,PHO,2019.0,149.0,146.0,-5.0,5.0,-3.0,3.0
485,2018-12-23,BOS,CHA,2019.0,119.0,103.0,-7.5,7.5,-1.0,-3.0
486,2018-12-23,BRK,PHO,2019.0,111.0,103.0,-9.0,9.0,3.0,5.0
487,2018-12-23,CLE,CHI,2019.0,92.0,112.0,-1.0,1.0,-1.0,-1.0
488,2018-12-23,DET,ATL,2019.0,95.0,98.0,-9.5,9.5,2.0,1.0
489,2018-12-23,GSW,LAC,2019.0,129.0,127.0,-11.0,11.0,-3.0,1.0
490,2018-12-23,IND,WAS,2019.0,105.0,89.0,-11.0,11.0,1.0,-3.0
491,2018-12-23,LAL,MEM,2019.0,99.0,107.0,-5.0,5.0,-1.0,-5.0
492,2018-12-23,OKC,MIN,2019.0,112.0,114.0,-6.5,6.5,1.0,-3.0
493,2018-12-23,ORL,MIA,2019.0,91.0,115.0,-2.5,2.5,-1.0,3.0
494,2018-12-23,POR,DAL,2019.0,121.0,118.0,-7.5,7.5,1.0,-3.0
495,2018-12-23,SAC,NOP,2019.0,122.0,117.0,1.0,-1.0,1.0,-1.0
496,2018-12-25,BOS,PHI,2019.0,121.0,114.0,-5.0,5.0,-1.0,1.0
497,2018-12-25,GSW,LAL,2019.0,101.0,127.0,-9.0,9.0,-3.0,-1.0
498,2018-12-25,HOU,OKC,2019.0,113.0,109.0,1.0,-1.0,2.0,1.0
499,2018-12-25,NYK,MIL,2019.0,95.0,109.0,9.5,-9.5,-1.0,0.0
500,2018-12-25,UTA,POR,2019.0,117.0,96.0,-7.0,7.0,0.0,1.0
501,2018-12-26,ATL,IND,2019.0,121.0,129.0,6.5,-6.5,1.0,1.0
502,2018-12-26,BRK,CHA,2019.0,134.0,132.0,-1.5,1.5,1.0,-3.0
503,2018-12-26,CHI,MIN,2019.0,94.0,119.0,4.0,-4.0,1.0,-1.0
504,2018-12-26,DAL,NOP,2019.0,122.0,119.0,-2.0,2.0,-1.0,-1.0
505,2018-12-26,DET,WAS,2019.0,106.0,95.0,-4.5,4.5,0.0,-3.0
506,2018-12-26,LAC,SAC,2019.0,127.0,118.0,-4.5,4.5,3.0,1.0
507,2018-12-26,MEM,CLE,2019.0,95.0,87.0,-9.5,9.5,-3.0,-1.0
508,2018-12-26,MIA,TOR,2019.0,104.0,106.0,2.5,-2.5,5.0,-3.0
509,2018-12-26,ORL,PHO,2019.0,120.0,122.0,-5.5,5.5,-1.0,5.0
510,2018-12-26,SAS,DEN,2019.0,111.0,103.0,-4.0,4.0,1.0,3.0
511,2018-12-27,GSW,POR,2019.0,109.0,110.0,-9.0,9.0,-3.0,-1.0
512,2018-12-27,HOU,BOS,2019.0,127.0,113.0,2.5,-2.5,2.0,-1.0
513,2018-12-27,MIL,NYK,2019.0,112.0,96.0,-14.5,14.5,0.0,-3.0
514,2018-12-27,SAC,LAL,2019.0,117.0,116.0,-4.5,4.5,-1.0,-1.0
515,2018-12-27,UTA,PHI,2019.0,97.0,114.0,-4.5,4.5,2.0,1.0
516,2018-12-28,CHA,BRK,2019.0,100.0,87.0,-4.5,4.5,-3.0,1.0
517,2018-12-28,DEN,SAS,2019.0,102.0,99.0,-4.5,4.5,1.0,3.0
518,2018-12-28,IND,DET,2019.0,125.0,88.0,-7.0,7.0,3.0,0.0
519,2018-12-28,LAL,LAC,2019.0,107.0,118.0,7.0,-7.0,1.0,3.0
520,2018-12-28,MIA,CLE,2019.0,118.0,94.0,-10.0,10.0,5.0,1.0
521,2018-12-28,MIN,ATL,2019.0,120.0,123.0,-9.5,9.5,1.0,1.0
522,2018-12-28,NOP,DAL,2019.0,114.0,112.0,-4.0,4.0,-3.0,1.0
523,2018-12-28,ORL,TOR,2019.0,116.0,87.0,4.5,-4.5,-3.0,-3.0
524,2018-12-28,PHO,OKC,2019.0,102.0,118.0,4.5,-4.5,5.0,1.0
525,2018-12-28,WAS,CHI,2019.0,92.0,101.0,-4.5,4.5,-5.0,-1.0
526,2018-12-29,ATL,CLE,2019.0,111.0,108.0,-4.0,4.0,3.0,-1.0
527,2018-12-29,LAC,SAS,2019.0,111.0,122.0,-3.0,3.0,5.0,3.0
528,2018-12-29,MEM,BOS,2019.0,103.0,112.0,3.5,-3.5,-3.0,-1.0
529,2018-12-29,MIL,BRK,2019.0,129.0,115.0,-11.0,11.0,1.0,-1.0
530,2018-12-29,NOP,HOU,2019.0,104.0,108.0,3.5,-3.5,-3.0,3.0
531,2018-12-29,PHO,DEN,2019.0,118.0,122.0,4.5,-4.5,3.0,-1.0
532,2018-12-29,POR,GSW,2019.0,105.0,115.0,5.0,-5.0,-1.0,-5.0
533,2018-12-29,UTA,NYK,2019.0,129.0,97.0,-12.0,12.0,1.0,-5.0
534,2018-12-29,WAS,CHA,2019.0,130.0,126.0,3.5,-3.5,-5.0,-1.0
535,2018-12-30,DAL,OKC,2019.0,105.0,103.0,2.5,-2.5,3.0,1.0
536,2018-12-30,LAL,SAC,2019.0,121.0,114.0,-2.0,2.0,1.0,-1.0
537,2018-12-30,MIA,MIN,2019.0,104.0,113.0,-4.0,4.0,5.0,-1.0
538,2018-12-30,ORL,DET,2019.0,109.0,107.0,-1.5,1.5,-3.0,-1.0
539,2018-12-30,POR,PHI,2019.0,129.0,95.0,-3.0,3.0,-3.0,1.0
540,2018-12-30,TOR,CHI,2019.0,95.0,89.0,-10.5,10.5,-3.0,1.0
541,2018-12-31,CHA,ORL,2019.0,125.0,100.0,-8.5,8.5,-1.0,-1.0
542,2018-12-31,HOU,MEM,2019.0,113.0,101.0,-4.0,4.0,3.0,-3.0
543,2018-12-31,IND,ATL,2019.0,116.0,108.0,-13.0,13.0,5.0,1.0
544,2018-12-31,NOP,MIN,2019.0,123.0,114.0,-5.5,5.5,-5.0,1.0
545,2018-12-31,OKC,DAL,2019.0,122.0,102.0,-7.5,7.5,-1.0,5.0
546,2018-12-31,PHO,GSW,2019.0,109.0,132.0,10.0,-10.0,3.0,-3.0
547,2018-12-31,SAS,BOS,2019.0,120.0,111.0,1.5,-1.5,3.0,1.0
548,2019-01-01,DEN,NYK,2019.0,115.0,108.0,-13.5,13.5,-3.0,-5.0
549,2019-01-01,LAC,PHI,2019.0,113.0,119.0,1.5,-1.5,3.0,1.0
550,2019-01-01,MIL,DET,2019.0,121.0,98.0,-10.0,10.0,3.0,-3.0
551,2019-01-01,SAC,POR,2019.0,108.0,113.0,1.0,-1.0,-1.0,-1.0
552,2019-01-01,TOR,UTA,2019.0,122.0,116.0,-1.5,1.5,-3.0,1.0
553,2019-01-02,BOS,MIN,2019.0,115.0,102.0,-6.5,6.5,1.0,1.0
554,2019-01-02,BRK,NOP,2019.0,126.0,121.0,2.0,-2.0,-3.0,-3.0
555,2019-01-02,CHA,DAL,2019.0,84.0,122.0,-1.5,1.5,-1.0,3.0
556,2019-01-02,CHI,ORL,2019.0,84.0,112.0,1.5,-1.5,3.0,-1.0
557,2019-01-02,CLE,MIA,2019.0,92.0,117.0,5.5,-5.5,-1.0,3.0
558,2019-01-02,LAL,OKC,2019.0,100.0,107.0,5.0,-5.0,1.0,-1.0
559,2019-01-02,MEM,DET,2019.0,94.0,101.0,-6.5,6.5,-3.0,-3.0
560,2019-01-02,PHO,PHI,2019.0,127.0,132.0,3.5,-3.5,1.0,1.0
561,2019-01-02,WAS,ATL,2019.0,114.0,98.0,-6.0,6.0,-3.0,1.0
562,2019-01-03,GSW,HOU,2019.0,134.0,135.0,-8.5,8.5,-1.0,5.0
563,2019-01-03,SAC,DEN,2019.0,113.0,117.0,3.5,-3.5,-3.0,-5.0
564,2019-01-03,SAS,TOR,2019.0,125.0,107.0,-3.5,3.5,3.0,-3.0
565,2019-01-04,BOS,DAL,2019.0,114.0,93.0,-4.0,4.0,1.0,3.0
566,2019-01-04,CHI,IND,2019.0,116.0,119.0,7.0,-7.0,1.0,3.0
567,2019-01-04,CLE,UTA,2019.0,91.0,117.0,10.0,-10.0,-1.0,-1.0
568,2019-01-04,LAL,NYK,2019.0,112.0,119.0,-5.5,5.5,1.0,-3.0
569,2019-01-04,MEM,BRK,2019.0,100.0,109.0,-4.0,4.0,-3.0,-1.0
570,2019-01-04,MIA,WAS,2019.0,115.0,109.0,-6.5,6.5,3.0,-1.0
571,2019-01-04,MIL,ATL,2019.0,144.0,112.0,-13.5,13.5,3.0,-1.0
572,2019-01-04,MIN,ORL,2019.0,120.0,103.0,-4.0,4.0,-1.0,1.0
573,2019-01-04,PHO,LAC,2019.0,111.0,121.0,4.5,-4.5,-1.0,1.0
574,2019-01-04,POR,OKC,2019.0,109.0,111.0,-1.0,1.0,1.0,1.0
575,2019-01-05,CLE,NOP,2019.0,98.0,133.0,9.5,-9.5,-1.0,-3.0
576,2019-01-05,DEN,CHA,2019.0,123.0,110.0,-9.0,9.0,-3.0,-1.0
577,2019-01-05,DET,UTA,2019.0,105.0,110.0,3.5,-3.5,-1.0,1.0
578,2019-01-05,MIL,TOR,2019.0,116.0,123.0,-5.5,5.5,5.0,-3.0
579,2019-01-05,PHI,DAL,2019.0,106.0,100.0,-6.5,6.5,1.0,1.0
580,2019-01-05,POR,HOU,2019.0,110.0,101.0,-2.0,2.0,1.0,5.0
581,2019-01-05,SAC,GSW,2019.0,123.0,127.0,7.5,-7.5,-5.0,-1.0
582,2019-01-05,SAS,MEM,2019.0,108.0,88.0,-8.5,8.5,5.0,-5.0
583,2019-01-06,ATL,MIA,2019.0,106.0,82.0,6.5,-6.5,-1.0,1.0
584,2019-01-06,CHI,BRK,2019.0,100.0,117.0,2.0,-2.0,1.0,1.0
585,2019-01-06,LAC,ORL,2019.0,106.0,96.0,-6.5,6.5,1.0,1.0
586,2019-01-06,MIN,LAL,2019.0,108.0,86.0,-8.0,8.0,-1.0,-1.0
587,2019-01-06,OKC,WAS,2019.0,98.0,116.0,-10.0,10.0,3.0,1.0
588,2019-01-06,PHO,CHA,2019.0,113.0,119.0,-1.5,1.5,-3.0,-1.0
589,2019-01-06,TOR,IND,2019.0,121.0,105.0,-1.5,1.5,-1.0,1.0
590,2019-01-07,BOS,BRK,2019.0,116.0,95.0,-10.5,10.5,1.0,1.0
591,2019-01-07,DAL,LAL,2019.0,97.0,107.0,-7.5,7.5,1.0,-3.0
592,2019-01-07,DET,SAS,2019.0,107.0,119.0,2.5,-2.5,-3.0,5.0
593,2019-01-07,HOU,DEN,2019.0,125.0,113.0,-1.0,1.0,3.0,-1.0
594,2019-01-07,MIL,UTA,2019.0,114.0,102.0,-5.0,5.0,3.0,1.0
595,2019-01-07,NOP,MEM,2019.0,114.0,95.0,-4.5,4.5,-1.0,-5.0
596,2019-01-07,POR,NYK,2019.0,111.0,101.0,-11.0,11.0,1.0,-1.0
597,2019-01-07,SAC,ORL,2019.0,111.0,95.0,-4.5,4.5,-3.0,-1.0
598,2019-01-08,CLE,IND,2019.0,115.0,123.0,9.5,-9.5,-3.0,-1.0
599,2019-01-08,GSW,NYK,2019.0,122.0,95.0,-17.0,17.0,-1.0,1.0
600,2019-01-08,LAC,CHA,2019.0,128.0,109.0,-6.5,6.5,1.0,-1.0
601,2019-01-08,MIA,DEN,2019.0,99.0,103.0,-2.0,2.0,-1.0,-1.0
602,2019-01-08,OKC,MIN,2019.0,117.0,119.0,-8.0,8.0,1.0,1.0
603,2019-01-08,PHI,WAS,2019.0,132.0,115.0,-8.0,8.0,1.0,3.0
604,2019-01-08,PHO,SAC,2019.0,115.0,111.0,4.0,-4.0,-3.0,-1.0
605,2019-01-08,TOR,ATL,2019.0,104.0,101.0,-13.5,13.5,1.0,-1.0
606,2019-01-09,BOS,IND,2019.0,135.0,108.0,-7.0,7.0,3.0,-3.0
607,2019-01-09,BRK,ATL,2019.0,116.0,100.0,-8.5,8.5,1.0,1.0
608,2019-01-09,DAL,PHO,2019.0,104.0,94.0,-11.0,11.0,-1.0,-3.0
609,2019-01-09,HOU,MIL,2019.0,109.0,116.0,1.5,-1.5,3.0,3.0
610,2019-01-09,LAL,DET,2019.0,113.0,100.0,-1.5,1.5,-1.0,-3.0
611,2019-01-09,MEM,SAS,2019.0,96.0,86.0,2.5,-2.5,-5.0,5.0
612,2019-01-09,NOP,CLE,2019.0,140.0,124.0,-15.0,15.0,1.0,-1.0
613,2019-01-09,POR,CHI,2019.0,124.0,112.0,-9.5,9.5,1.0,1.0
614,2019-01-09,UTA,ORL,2019.0,106.0,93.0,-9.5,9.5,1.0,-3.0
615,2019-01-09,WAS,PHI,2019.0,123.0,106.0,3.5,-3.5,3.0,1.0
616,2019-01-10,DEN,LAC,2019.0,121.0,100.0,-5.5,5.5,1.0,1.0
617,2019-01-10,MIA,BOS,2019.0,115.0,99.0,2.5,-2.5,-3.0,3.0
618,2019-01-10,SAC,DET,2019.0,112.0,102.0,-8.0,8.0,-1.0,-3.0
619,2019-01-10,SAS,OKC,2019.0,154.0,147.0,1.5,-1.5,3.0,1.0
620,2019-01-11,GSW,CHI,2019.0,146.0,109.0,-15.5,15.5,1.0,-1.0
621,2019-01-11,HOU,CLE,2019.0,141.0,113.0,-14.0,14.0,1.0,-3.0
622,2019-01-11,MIN,DAL,2019.0,115.0,119.0,-4.5,4.5,1.0,-1.0
623,2019-01-11,NYK,IND,2019.0,106.0,121.0,8.0,-8.0,1.0,-5.0
624,2019-01-11,PHI,ATL,2019.0,121.0,123.0,-10.0,10.0,1.0,-1.0
625,2019-01-11,POR,CHA,2019.0,127.0,96.0,-6.5,6.5,1.0,-1.0
626,2019-01-11,TOR,BRK,2019.0,122.0,105.0,-10.0,10.0,1.0,3.0
627,2019-01-11,UTA,LAL,2019.0,113.0,95.0,-8.5,8.5,1.0,-1.0
628,2019-01-11,WAS,MIL,2019.0,113.0,106.0,2.0,-2.0,3.0,3.0
629,2019-01-12,LAC,DET,2019.0,104.0,109.0,-7.5,7.5,1.0,-3.0
630,2019-01-12,MIA,MEM,2019.0,112.0,108.0,-3.5,3.5,-1.0,-3.0
631,2019-01-12,MIN,NOP,2019.0,110.0,106.0,2.0,-2.0,1.0,3.0
632,2019-01-12,OKC,SAS,2019.0,122.0,112.0,-6.0,6.0,-1.0,3.0
633,2019-01-12,ORL,BOS,2019.0,105.0,103.0,7.5,-7.5,-3.0,3.0
634,2019-01-12,PHO,DEN,2019.0,102.0,93.0,9.0,-9.0,-1.0,3.0
635,2019-01-12,SAC,CHA,2019.0,104.0,97.0,-5.5,5.5,1.0,-3.0
636,2019-01-12,UTA,CHI,2019.0,110.0,102.0,-12.0,12.0,3.0,-3.0
637,2019-01-13,ATL,MIL,2019.0,114.0,133.0,9.5,-9.5,1.0,1.0
638,2019-01-13,DAL,GSW,2019.0,114.0,119.0,6.0,-6.0,-1.0,1.0
639,2019-01-13,DEN,POR,2019.0,116.0,113.0,-4.5,4.5,1.0,1.0
640,2019-01-13,LAL,CLE,2019.0,95.0,101.0,-10.5,10.5,-1.0,-3.0
641,2019-01-13,NYK,PHI,2019.0,105.0,108.0,8.5,-8.5,1.0,-1.0
642,2019-01-13,ORL,HOU,2019.0,116.0,109.0,5.5,-5.5,-3.0,1.0
643,2019-01-13,WAS,TOR,2019.0,138.0,140.0,5.0,-5.0,3.0,1.0
644,2019-01-14,BRK,BOS,2019.0,109.0,102.0,2.5,-2.5,1.0,1.0
645,2019-01-14,HOU,MEM,2019.0,112.0,94.0,-3.5,3.5,-1.0,-3.0
646,2019-01-14,LAC,NOP,2019.0,117.0,121.0,1.5,-1.5,1.0,1.0
647,2019-01-14,SAC,POR,2019.0,115.0,107.0,-2.0,2.0,3.0,3.0
648,2019-01-14,SAS,CHA,2019.0,93.0,108.0,-7.5,7.5,1.0,-3.0
649,2019-01-14,UTA,DET,2019.0,100.0,94.0,-7.5,7.5,1.0,-3.0
650,2019-01-15,ATL,OKC,2019.0,142.0,126.0,10.0,-10.0,1.0,-1.0
651,2019-01-15,DEN,GSW,2019.0,111.0,142.0,2.5,-2.5,-1.0,-1.0
652,2019-01-15,IND,PHO,2019.0,131.0,97.0,-10.5,10.5,-3.0,1.0
653,2019-01-15,LAL,CHI,2019.0,107.0,100.0,-7.0,7.0,-1.0,-1.0
654,2019-01-15,MIL,MIA,2019.0,124.0,86.0,-8.5,8.5,1.0,-1.0
655,2019-01-15,PHI,MIN,2019.0,149.0,107.0,-6.0,6.0,-3.0,3.0
656,2019-01-16,BOS,TOR,2019.0,117.0,108.0,-2.5,2.5,-1.0,1.0
657,2019-01-16,DAL,SAS,2019.0,101.0,105.0,-1.0,1.0,1.0,-1.0
658,2019-01-16,DET,ORL,2019.0,120.0,115.0,-3.5,3.5,-1.0,-1.0
659,2019-01-16,GSW,NOP,2019.0,147.0,140.0,-7.0,7.0,1.0,3.0
660,2019-01-16,HOU,BRK,2019.0,142.0,145.0,-5.5,5.5,1.0,1.0
661,2019-01-16,LAC,UTA,2019.0,109.0,129.0,-1.0,1.0,-1.0,-1.0
662,2019-01-16,MEM,MIL,2019.0,101.0,111.0,6.0,-6.0,-3.0,3.0
663,2019-01-16,POR,CLE,2019.0,129.0,112.0,-14.0,14.0,1.0,-1.0
664,2019-01-17,CHA,SAC,2019.0,114.0,95.0,-2.5,2.5,-1.0,3.0
665,2019-01-17,DEN,CHI,2019.0,135.0,105.0,-14.0,14.0,-1.0,-2.0
666,2019-01-17,IND,PHI,2019.0,96.0,120.0,-3.0,3.0,-1.0,-1.0
667,2019-01-17,OKC,LAL,2019.0,128.0,138.0,-10.0,10.0,-3.0,0.0
668,2019-01-17,TOR,PHO,2019.0,111.0,109.0,-9.0,9.0,-1.0,1.0
669,2019-01-17,WAS,NYK,2019.0,101.0,100.0,-7.5,7.5,3.0,1.0
670,2019-01-18,BOS,MEM,2019.0,122.0,116.0,-10.0,10.0,-1.0,-3.0
671,2019-01-18,DET,MIA,2019.0,98.0,93.0,-2.5,2.5,1.0,-1.0
672,2019-01-18,LAC,GSW,2019.0,94.0,112.0,7.5,-7.5,-3.0,2.0
673,2019-01-18,MIN,SAS,2019.0,113.0,116.0,-1.5,1.5,1.0,-1.0
674,2019-01-18,ORL,BRK,2019.0,115.0,117.0,-2.0,2.0,-1.0,1.0
675,2019-01-18,POR,NOP,2019.0,128.0,112.0,-3.0,3.0,3.0,2.0
676,2019-01-18,UTA,CLE,2019.0,115.0,99.0,-16.0,16.0,1.0,-1.0
677,2019-01-19,ATL,BOS,2019.0,105.0,113.0,6.5,-6.5,1.0,-3.0
678,2019-01-19,CHA,PHO,2019.0,135.0,115.0,-7.0,7.0,-1.0,3.0
679,2019-01-19,CHI,MIA,2019.0,103.0,117.0,3.5,-3.5,-2.0,-1.0
680,2019-01-19,DEN,CLE,2019.0,124.0,102.0,-18.5,18.5,-1.0,-2.0
681,2019-01-19,DET,SAC,2019.0,101.0,103.0,1.0,-1.0,3.0,1.0
682,2019-01-19,HOU,LAL,2019.0,138.0,134.0,-7.0,7.0,-1.0,0.0
683,2019-01-19,IND,DAL,2019.0,111.0,99.0,-7.5,7.5,-1.0,-1.0
684,2019-01-19,ORL,MIL,2019.0,108.0,118.0,10.0,-10.0,-1.0,3.0
685,2019-01-19,PHI,OKC,2019.0,115.0,117.0,-3.5,3.5,-1.0,-3.0
686,2019-01-19,TOR,MEM,2019.0,119.0,90.0,-10.5,10.5,-3.0,-1.0
687,2019-01-20,IND,CHA,2019.0,120.0,95.0,-8.0,8.0,1.0,1.0
688,2019-01-20,MIN,PHO,2019.0,116.0,114.0,-12.0,12.0,-1.0,1.0
689,2019-01-20,SAS,LAC,2019.0,95.0,103.0,-9.5,9.5,1.0,-5.0
690,2019-01-21,ATL,ORL,2019.0,103.0,122.0,-2.0,2.0,-1.0,0.0
691,2019-01-21,BOS,MIA,2019.0,107.0,99.0,-8.5,8.5,-1.0,1.0
692,2019-01-21,BRK,SAC,2019.0,123.0,94.0,-3.5,3.5,3.0,3.0
693,2019-01-21,CLE,CHI,2019.0,88.0,104.0,2.5,-2.5,-2.0,-2.0
694,2019-01-21,LAL,GSW,2019.0,111.0,130.0,13.5,-13.5,0.0,2.0
695,2019-01-21,MEM,NOP,2019.0,85.0,105.0,-3.0,3.0,-3.0,0.0
696,2019-01-21,MIL,DAL,2019.0,116.0,106.0,-11.0,11.0,2.0,-1.0
697,2019-01-21,NYK,OKC,2019.0,109.0,127.0,9.0,-9.0,1.0,-1.0
698,2019-01-21,PHI,HOU,2019.0,121.0,93.0,-4.5,4.5,-1.0,-1.0
699,2019-01-21,UTA,POR,2019.0,104.0,109.0,-5.0,5.0,0.0,3.0
700,2019-01-21,WAS,DET,2019.0,101.0,87.0,-5.5,5.5,1.0,3.0
701,2019-01-22,DAL,LAC,2019.0,106.0,98.0,-3.0,3.0,1.0,-3.0
702,2019-01-22,OKC,POR,2019.0,123.0,114.0,-4.0,4.0,1.0,3.0
703,2019-01-22,PHO,MIN,2019.0,91.0,118.0,4.0,-4.0,1.0,-3.0
704,2019-01-22,TOR,SAC,2019.0,120.0,105.0,-11.0,11.0,-1.0,1.0
705,2019-01-23,BOS,CLE,2019.0,123.0,103.0,-15.0,15.0,-1.0,-2.0
706,2019-01-23,BRK,ORL,2019.0,114.0,110.0,-5.0,5.0,3.0,0.0
707,2019-01-23,CHI,ATL,2019.0,101.0,121.0,-1.5,1.5,0.0,-1.0
708,2019-01-23,IND,TOR,2019.0,110.0,106.0,-6.5,6.5,3.0,-1.0
709,2019-01-23,MEM,CHA,2019.0,107.0,118.0,-2.0,2.0,-3.0,1.0
710,2019-01-23,MIA,LAC,2019.0,99.0,111.0,-5.5,5.5,1.0,-3.0
711,2019-01-23,NOP,DET,2019.0,94.0,98.0,-5.0,5.0,0.0,1.0
712,2019-01-23,NYK,HOU,2019.0,110.0,114.0,8.0,-8.0,-1.0,-3.0
713,2019-01-23,PHI,SAS,2019.0,122.0,120.0,-3.5,3.5,1.0,-1.0
714,2019-01-23,UTA,DEN,2019.0,114.0,108.0,-4.5,4.5,-2.0,-1.0
715,2019-01-24,LAL,MIN,2019.0,105.0,120.0,-2.5,2.5,0.0,-1.0
716,2019-01-24,OKC,NOP,2019.0,122.0,116.0,-14.0,14.0,1.0,0.0
717,2019-01-24,PHO,POR,2019.0,106.0,120.0,8.5,-8.5,-1.0,1.0
718,2019-01-24,WAS,GSW,2019.0,118.0,126.0,9.5,-9.5,3.0,2.0
719,2019-01-25,BRK,NYK,2019.0,109.0,99.0,-8.5,8.5,3.0,1.0
720,2019-01-25,CHI,LAC,2019.0,101.0,106.0,4.5,-4.5,-2.0,-1.0
721,2019-01-25,CLE,MIA,2019.0,94.0,100.0,8.5,-8.5,-4.0,-1.0
722,2019-01-25,DAL,DET,2019.0,106.0,101.0,-5.0,5.0,1.0,1.0
723,2019-01-25,DEN,PHO,2019.0,132.0,95.0,-15.0,15.0,-1.0,-1.0
724,2019-01-25,HOU,TOR,2019.0,121.0,119.0,3.5,-3.5,-3.0,1.0
725,2019-01-25,MEM,SAC,2019.0,96.0,99.0,-2.0,2.0,-3.0,-1.0
726,2019-01-25,MIL,CHA,2019.0,108.0,99.0,-11.0,11.0,2.0,3.0
727,2019-01-25,ORL,WAS,2019.0,91.0,95.0,-3.0,3.0,0.0,3.0
728,2019-01-25,UTA,MIN,2019.0,106.0,102.0,-10.5,10.5,0.0,-1.0
729,2019-01-26,BOS,GSW,2019.0,111.0,115.0,3.5,-3.5,1.0,2.0
730,2019-01-26,DEN,PHI,2019.0,126.0,110.0,-10.5,10.5,1.0,1.0
731,2019-01-26,MEM,IND,2019.0,106.0,103.0,5.0,-5.0,-3.0,1.0
732,2019-01-26,NOP,SAS,2019.0,114.0,126.0,4.5,-4.5,0.0,1.0
733,2019-01-26,POR,ATL,2019.0,120.0,111.0,-8.5,8.5,3.0,-1.0
734,2019-01-27,CHI,CLE,2019.0,101.0,104.0,-4.5,4.5,-3.0,-2.0
735,2019-01-27,DAL,TOR,2019.0,120.0,123.0,4.5,-4.5,0.0,1.0
736,2019-01-27,HOU,ORL,2019.0,103.0,98.0,-8.5,8.5,-3.0,0.0
737,2019-01-27,LAC,SAC,2019.0,122.0,108.0,-3.5,3.5,1.0,-1.0
738,2019-01-27,LAL,PHO,2019.0,116.0,102.0,-8.0,8.0,0.0,-3.0
739,2019-01-27,MIN,UTA,2019.0,111.0,125.0,5.5,-5.5,1.0,0.0
740,2019-01-27,NYK,MIA,2019.0,97.0,106.0,5.0,-5.0,1.0,-1.0
741,2019-01-27,OKC,MIL,2019.0,118.0,112.0,1.0,-1.0,1.0,0.0
742,2019-01-27,SAS,WAS,2019.0,132.0,119.0,-4.0,4.0,3.0,3.0
743,2019-01-28,BOS,BRK,2019.0,112.0,104.0,-9.0,9.0,-1.0,3.0
744,2019-01-28,CHA,NYK,2019.0,101.0,92.0,-12.0,12.0,3.0,-1.0
745,2019-01-28,IND,GSW,2019.0,100.0,132.0,7.0,-7.0,-1.0,2.0
746,2019-01-28,LAC,ATL,2019.0,118.0,123.0,-6.0,6.0,3.0,-1.0
747,2019-01-28,MEM,DEN,2019.0,92.0,95.0,5.5,-5.5,-3.0,3.0
748,2019-01-29,BRK,CHI,2019.0,122.0,117.0,-6.5,6.5,3.0,-3.0
749,2019-01-29,CLE,WAS,2019.0,116.0,113.0,8.0,-8.0,-1.0,1.0
750,2019-01-29,DET,MIL,2019.0,105.0,115.0,7.0,-7.0,0.0,-2.0
751,2019-01-29,HOU,NOP,2019.0,116.0,121.0,-13.5,13.5,-3.0,-1.0
752,2019-01-29,LAL,PHI,2019.0,105.0,121.0,7.5,-7.5,1.0,-1.0
753,2019-01-29,ORL,OKC,2019.0,117.0,126.0,3.5,-3.5,2.0,3.0
754,2019-01-29,SAS,PHO,2019.0,126.0,124.0,-13.5,13.5,3.0,-3.0
755,2019-01-30,BOS,CHA,2019.0,126.0,94.0,-7.5,7.5,-1.0,1.0
756,2019-01-30,MIA,CHI,2019.0,89.0,105.0,-10.5,10.5,1.0,-1.0
757,2019-01-30,MIN,MEM,2019.0,99.0,97.0,-3.0,3.0,1.0,-1.0
758,2019-01-30,NOP,DEN,2019.0,99.0,105.0,9.0,-9.0,1.0,1.0
759,2019-01-30,NYK,DAL,2019.0,90.0,114.0,7.0,-7.0,-1.0,2.0
760,2019-01-30,POR,UTA,2019.0,132.0,105.0,2.5,-2.5,3.0,0.0
761,2019-01-30,SAC,ATL,2019.0,135.0,113.0,-5.0,5.0,-1.0,-1.0
762,2019-01-30,WAS,IND,2019.0,107.0,89.0,-1.0,1.0,1.0,-1.0
763,2019-01-31,DET,DAL,2019.0,93.0,89.0,-7.5,7.5,-2.0,4.0
764,2019-01-31,GSW,PHI,2019.0,104.0,113.0,-8.0,8.0,3.0,-1.0
765,2019-01-31,LAC,LAL,2019.0,120.0,123.0,2.0,-2.0,1.0,-1.0
766,2019-01-31,ORL,IND,2019.0,107.0,100.0,-3.5,3.5,1.0,-3.0
767,2019-01-31,SAS,BRK,2019.0,117.0,114.0,-8.0,8.0,1.0,1.0
768,2019-01-31,TOR,MIL,2019.0,92.0,105.0,-2.5,2.5,1.0,-2.0
769,2019-02-01,CHA,MEM,2019.0,100.0,92.0,-8.0,8.0,-1.0,1.0
770,2019-02-01,DEN,HOU,2019.0,136.0,122.0,-3.5,3.5,-1.0,-3.0
771,2019-02-01,MIA,OKC,2019.0,102.0,118.0,3.5,-3.5,-1.0,3.0
772,2019-02-01,NYK,BOS,2019.0,99.0,113.0,14.0,-14.0,-1.0,-1.0
773,2019-02-01,UTA,ATL,2019.0,128.0,112.0,-12.0,12.0,-1.0,-1.0
774,2019-02-02,CHA,CHI,2019.0,125.0,118.0,-6.5,6.5,0.0,-1.0
775,2019-02-02,CLE,DAL,2019.0,98.0,111.0,5.5,-5.5,1.0,4.0
776,2019-02-02,DET,LAC,2019.0,101.0,111.0,-2.0,2.0,-2.0,1.0
777,2019-02-02,GSW,LAL,2019.0,115.0,101.0,-15.0,15.0,1.0,-1.0
778,2019-02-02,MIA,IND,2019.0,88.0,95.0,-2.0,2.0,-3.0,-5.0
779,2019-02-02,MIN,DEN,2019.0,106.0,107.0,-1.5,1.5,1.0,1.0
780,2019-02-02,ORL,BRK,2019.0,102.0,89.0,-3.0,3.0,1.0,1.0
781,2019-02-02,PHO,ATL,2019.0,112.0,118.0,-2.0,2.0,-3.0,-1.0
782,2019-02-02,SAC,PHI,2019.0,115.0,108.0,3.0,-3.0,-1.0,1.0
783,2019-02-02,SAS,NOP,2019.0,113.0,108.0,-10.5,10.5,1.0,1.0
784,2019-02-02,UTA,HOU,2019.0,98.0,125.0,-7.0,7.0,1.0,-3.0
785,2019-02-02,WAS,MIL,2019.0,115.0,131.0,6.0,-6.0,1.0,-1.0
786,2019-02-03,BOS,OKC,2019.0,134.0,129.0,-4.0,4.0,0.0,3.0
787,2019-02-03,NYK,MEM,2019.0,84.0,96.0,2.5,-2.5,-2.0,2.0
788,2019-02-03,TOR,LAC,2019.0,121.0,103.0,-9.5,9.5,-1.0,1.0
789,2019-02-04,BRK,MIL,2019.0,94.0,113.0,7.5,-7.5,1.0,1.0
790,2019-02-04,DET,DEN,2019.0,129.0,103.0,2.0,-2.0,-2.0,1.0
791,2019-02-04,NOP,IND,2019.0,107.0,109.0,3.5,-3.5,3.0,-3.0
792,2019-02-04,PHO,HOU,2019.0,110.0,118.0,8.5,-8.5,-3.0,-1.0
793,2019-02-04,SAC,SAS,2019.0,127.0,112.0,2.0,-2.0,1.0,-1.0
794,2019-02-04,WAS,ATL,2019.0,129.0,137.0,-7.0,7.0,-1.0,-1.0
795,2019-02-05,CHA,LAC,2019.0,115.0,117.0,-3.0,3.0,0.0,-1.0
796,2019-02-05,CLE,BOS,2019.0,96.0,103.0,10.5,-10.5,1.0,0.0
797,2019-02-05,IND,LAL,2019.0,136.0,94.0,2.5,-2.5,-3.0,1.0
798,2019-02-05,MEM,MIN,2019.0,108.0,106.0,4.0,-4.0,4.0,-1.0
799,2019-02-05,NYK,DET,2019.0,92.0,105.0,3.0,-3.0,-2.0,-2.0
800,2019-02-05,OKC,ORL,2019.0,132.0,122.0,-9.0,9.0,1.0,1.0
801,2019-02-05,PHI,TOR,2019.0,107.0,119.0,-2.5,2.5,-1.0,-1.0
802,2019-02-05,POR,MIA,2019.0,108.0,118.0,-7.5,7.5,3.0,-3.0
803,2019-02-06,BRK,DEN,2019.0,135.0,130.0,3.5,-3.5,-1.0,-1.0
804,2019-02-06,CHI,NOP,2019.0,120.0,125.0,1.5,-1.5,-1.0,3.0
805,2019-02-06,DAL,CHA,2019.0,99.0,93.0,-5.5,5.5,4.0,-2.0
806,2019-02-06,GSW,SAS,2019.0,141.0,102.0,-15.0,15.0,-1.0,-3.0
807,2019-02-06,MIL,WAS,2019.0,148.0,129.0,-12.0,12.0,3.0,-3.0
808,2019-02-06,SAC,HOU,2019.0,101.0,127.0,4.0,-4.0,3.0,-3.0
809,2019-02-06,UTA,PHO,2019.0,116.0,88.0,-15.0,15.0,-1.0,-1.0
810,2019-02-07,ATL,TOR,2019.0,101.0,119.0,6.5,-6.5,1.0,-1.0
811,2019-02-07,BOS,LAL,2019.0,128.0,129.0,-9.0,9.0,0.0,1.0
812,2019-02-07,IND,LAC,2019.0,116.0,92.0,-6.5,6.5,-1.0,-1.0
813,2019-02-07,OKC,MEM,2019.0,117.0,95.0,-13.5,13.5,3.0,4.0
814,2019-02-07,ORL,MIN,2019.0,122.0,112.0,-3.5,3.5,1.0,-3.0
815,2019-02-07,POR,SAS,2019.0,127.0,118.0,-6.0,6.0,1.0,-5.0
816,2019-02-08,BRK,CHI,2019.0,106.0,125.0,-8.0,8.0,-1.0,-1.0
817,2019-02-08,DAL,MIL,2019.0,107.0,122.0,5.5,-5.5,5.0,5.0
818,2019-02-08,DET,NYK,2019.0,120.0,103.0,-8.0,8.0,-1.0,-2.0
819,2019-02-08,NOP,MIN,2019.0,122.0,117.0,-6.0,6.0,5.0,-5.0
820,2019-02-08,PHI,DEN,2019.0,117.0,110.0,-6.5,6.5,-1.0,-1.0
821,2019-02-08,PHO,GSW,2019.0,107.0,117.0,16.5,-16.5,-1.0,1.0
822,2019-02-08,SAC,MIA,2019.0,102.0,96.0,-3.5,3.5,1.0,-1.0
823,2019-02-08,WAS,CLE,2019.0,119.0,106.0,-10.0,10.0,-3.0,3.0
824,2019-02-09,ATL,CHA,2019.0,120.0,129.0,2.0,-2.0,-1.0,-2.0
825,2019-02-09,BOS,LAC,2019.0,112.0,123.0,-11.5,11.5,0.0,-1.0
826,2019-02-09,CHI,WAS,2019.0,125.0,134.0,2.0,-2.0,1.0,-1.0
827,2019-02-09,HOU,OKC,2019.0,112.0,117.0,-2.5,2.5,-1.0,3.0
828,2019-02-09,IND,CLE,2019.0,105.0,90.0,-14.0,14.0,1.0,1.0
829,2019-02-09,MEM,NOP,2019.0,99.0,90.0,-1.0,1.0,2.0,3.0
830,2019-02-09,MIL,ORL,2019.0,83.0,103.0,-6.5,6.5,5.0,1.0
831,2019-02-09,NYK,TOR,2019.0,99.0,104.0,13.5,-13.5,-4.0,1.0
832,2019-02-09,UTA,SAS,2019.0,125.0,105.0,-8.0,8.0,1.0,-5.0
833,2019-02-10,ATL,ORL,2019.0,108.0,124.0,1.0,-1.0,-1.0,3.0
834,2019-02-10,DAL,POR,2019.0,102.0,101.0,3.0,-3.0,3.0,3.0
835,2019-02-10,GSW,MIA,2019.0,120.0,118.0,-13.5,13.5,-1.0,-3.0
836,2019-02-10,PHI,LAL,2019.0,143.0,120.0,-7.0,7.0,1.0,1.0
837,2019-02-10,SAC,PHO,2019.0,117.0,104.0,-9.0,9.0,3.0,1.0
838,2019-02-11,CHI,MIL,2019.0,99.0,112.0,11.5,-11.5,-1.0,3.0
839,2019-02-11,CLE,NYK,2019.0,107.0,104.0,-1.0,1.0,-1.0,-2.0
840,2019-02-11,DEN,MIA,2019.0,103.0,87.0,-9.5,9.5,-1.0,-1.0
841,2019-02-11,DET,WAS,2019.0,121.0,112.0,-6.0,6.0,1.0,-1.0
842,2019-02-11,HOU,DAL,2019.0,120.0,104.0,-11.0,11.0,-1.0,3.0
843,2019-02-11,IND,CHA,2019.0,99.0,90.0,-5.5,5.5,3.0,0.0
844,2019-02-11,MIN,LAC,2019.0,130.0,120.0,-3.5,3.5,-3.0,1.0
845,2019-02-11,OKC,POR,2019.0,120.0,111.0,-4.5,4.5,3.0,1.0
846,2019-02-11,TOR,BRK,2019.0,127.0,125.0,-10.0,10.0,1.0,-1.0
847,2019-02-12,ATL,LAL,2019.0,117.0,113.0,6.0,-6.0,-1.0,1.0
848,2019-02-12,GSW,UTA,2019.0,115.0,108.0,-9.0,9.0,-3.0,1.0
849,2019-02-12,MEM,SAS,2019.0,107.0,108.0,7.0,-7.0,2.0,-5.0
850,2019-02-12,NOP,ORL,2019.0,88.0,118.0,-4.5,4.5,1.0,3.0
851,2019-02-12,PHI,BOS,2019.0,109.0,112.0,-7.0,7.0,1.0,-2.0
852,2019-02-13,BOS,DET,2019.0,118.0,110.0,-3.5,3.5,-1.0,3.0
853,2019-02-13,CHI,MEM,2019.0,122.0,110.0,-1.5,1.5,-3.0,3.0
854,2019-02-13,CLE,BRK,2019.0,139.0,148.0,7.5,-7.5,-1.0,-1.0
855,2019-02-13,DAL,MIA,2019.0,101.0,112.0,-3.0,3.0,1.0,-1.0
856,2019-02-13,DEN,SAC,2019.0,120.0,118.0,-7.5,7.5,-1.0,3.0
857,2019-02-13,IND,MIL,2019.0,97.0,106.0,4.5,-4.5,3.0,3.0
858,2019-02-13,LAC,PHO,2019.0,134.0,107.0,-7.5,7.5,-1.0,-1.0
859,2019-02-13,MIN,HOU,2019.0,121.0,111.0,4.0,-4.0,-1.0,1.0
860,2019-02-13,NYK,PHI,2019.0,111.0,126.0,10.0,-10.0,-3.0,-1.0
861,2019-02-13,POR,GSW,2019.0,129.0,107.0,2.5,-2.5,-1.0,-3.0
862,2019-02-13,TOR,WAS,2019.0,129.0,120.0,-9.5,9.5,1.0,-1.0
863,2019-02-14,ATL,NYK,2019.0,91.0,106.0,-8.0,8.0,-1.0,-3.0
864,2019-02-14,NOP,OKC,2019.0,131.0,122.0,4.5,-4.5,-1.0,3.0
865,2019-02-14,ORL,CHA,2019.0,127.0,89.0,-4.0,4.0,3.0,-1.0
866,2019-02-21,BRK,POR,2019.0,99.0,113.0,3.0,-3.0,1.0,-1.0
867,2019-02-21,CLE,PHO,2019.0,111.0,98.0,-1.0,1.0,-1.0,-1.0
868,2019-02-21,GSW,SAC,2019.0,125.0,123.0,-12.5,12.5,-3.0,3.0
869,2019-02-21,LAL,HOU,2019.0,111.0,106.0,3.0,-3.0,-1.0,-1.0
870,2019-02-21,MIL,BOS,2019.0,98.0,97.0,-6.0,6.0,3.0,-1.0
871,2019-02-21,PHI,MIA,2019.0,106.0,102.0,-5.5,5.5,1.0,1.0
872,2019-02-22,ATL,DET,2019.0,122.0,125.0,4.5,-4.5,-3.0,3.0
873,2019-02-22,CHA,WAS,2019.0,123.0,110.0,-5.0,5.0,-3.0,1.0
874,2019-02-22,DAL,DEN,2019.0,104.0,114.0,7.0,-7.0,-1.0,-3.0
875,2019-02-22,IND,NOP,2019.0,126.0,111.0,-5.0,5.0,3.0,-1.0
876,2019-02-22,MEM,LAC,2019.0,106.0,112.0,3.0,-3.0,1.0,1.0
877,2019-02-22,NYK,MIN,2019.0,104.0,115.0,4.0,-4.0,-1.0,1.0
878,2019-02-22,OKC,UTA,2019.0,148.0,147.0,-4.0,4.0,3.0,3.0
879,2019-02-22,ORL,CHI,2019.0,109.0,110.0,-8.0,8.0,5.0,-1.0
880,2019-02-22,TOR,SAS,2019.0,120.0,117.0,-8.0,8.0,-1.0,-5.0
881,2019-02-23,ATL,PHO,2019.0,120.0,112.0,-3.5,3.5,-1.0,-3.0
882,2019-02-23,CHA,BRK,2019.0,115.0,117.0,-3.5,3.5,-1.0,1.0
883,2019-02-23,CHI,BOS,2019.0,126.0,116.0,10.0,-10.0,1.0,1.0
884,2019-02-23,CLE,MEM,2019.0,112.0,107.0,-1.5,1.5,-1.0,-1.0
885,2019-02-23,GSW,HOU,2019.0,112.0,118.0,-12.0,12.0,-5.0,-1.0
886,2019-02-23,MIA,DET,2019.0,96.0,119.0,-3.5,3.5,1.0,1.0
887,2019-02-23,MIL,MIN,2019.0,140.0,128.0,-13.0,13.0,1.0,3.0
888,2019-02-23,NOP,LAL,2019.0,128.0,115.0,6.5,-6.5,-3.0,-1.0
889,2019-02-23,OKC,SAC,2019.0,116.0,119.0,-6.0,6.0,1.0,3.0
890,2019-02-23,PHI,POR,2019.0,115.0,130.0,-1.5,1.5,1.0,1.0
891,2019-02-23,UTA,DAL,2019.0,125.0,109.0,-11.5,11.5,3.0,-3.0
892,2019-02-23,WAS,IND,2019.0,112.0,119.0,-1.0,1.0,1.0,3.0
893,2019-02-24,DEN,LAC,2019.0,123.0,96.0,-9.0,9.0,-1.0,1.0
894,2019-02-24,NYK,SAS,2019.0,130.0,118.0,9.0,-9.0,-1.0,-3.0
895,2019-02-24,TOR,ORL,2019.0,98.0,113.0,-7.0,7.0,-3.0,3.0
896,2019-02-25,BRK,SAS,2019.0,101.0,85.0,-1.5,1.5,1.0,-3.0
897,2019-02-25,CHA,GSW,2019.0,110.0,121.0,8.5,-8.5,-1.0,-5.0
898,2019-02-25,CHI,MIL,2019.0,106.0,117.0,8.0,-8.0,1.0,-1.0
899,2019-02-25,CLE,POR,2019.0,110.0,123.0,9.0,-9.0,1.0,1.0
900,2019-02-25,DET,IND,2019.0,113.0,109.0,-2.5,2.5,1.0,3.0
901,2019-02-25,HOU,ATL,2019.0,119.0,111.0,-12.5,12.5,-1.0,1.0
902,2019-02-25,LAC,DAL,2019.0,121.0,112.0,-3.5,3.5,1.0,-3.0
903,2019-02-25,MEM,LAL,2019.0,110.0,105.0,5.5,-5.5,-1.0,-1.0
904,2019-02-25,MIA,PHO,2019.0,121.0,124.0,-7.5,7.5,1.0,-3.0
905,2019-02-25,MIN,SAC,2019.0,112.0,105.0,-3.5,3.5,5.0,5.0
906,2019-02-25,NOP,PHI,2019.0,110.0,111.0,2.5,-2.5,-1.0,-1.0
907,2019-02-26,DEN,OKC,2019.0,121.0,112.0,-3.5,3.5,1.0,-1.0
908,2019-02-26,NYK,ORL,2019.0,108.0,103.0,7.5,-7.5,-1.0,3.0
909,2019-02-26,TOR,BOS,2019.0,118.0,95.0,-3.5,3.5,-5.0,1.0
910,2019-02-27,ATL,MIN,2019.0,131.0,123.0,5.0,-5.0,3.0,5.0
911,2019-02-27,BOS,POR,2019.0,92.0,97.0,-2.5,2.5,1.0,3.0
912,2019-02-27,BRK,WAS,2019.0,116.0,125.0,-5.0,5.0,3.0,-1.0
913,2019-02-27,CHA,HOU,2019.0,113.0,118.0,5.0,-5.0,-3.0,-1.0
914,2019-02-27,DAL,IND,2019.0,110.0,101.0,1.0,-1.0,-5.0,1.0
915,2019-02-27,LAL,NOP,2019.0,125.0,119.0,-6.5,6.5,-3.0,1.0
916,2019-02-27,MEM,CHI,2019.0,107.0,109.0,-3.0,3.0,-1.0,1.0
917,2019-02-27,MIA,GSW,2019.0,126.0,125.0,9.5,-9.5,-1.0,-3.0
918,2019-02-27,SAC,MIL,2019.0,140.0,141.0,6.5,-6.5,3.0,1.0
919,2019-02-27,SAS,DET,2019.0,105.0,93.0,-4.5,4.5,-3.0,1.0
920,2019-02-27,UTA,LAC,2019.0,111.0,105.0,-10.0,10.0,5.0,1.0
921,2019-02-28,DEN,UTA,2019.0,104.0,111.0,-7.5,7.5,3.0,3.0
922,2019-02-28,HOU,MIA,2019.0,121.0,118.0,-9.5,9.5,-2.0,1.0
923,2019-02-28,IND,MIN,2019.0,122.0,115.0,-3.5,3.5,-1.0,3.0
924,2019-02-28,NYK,CLE,2019.0,118.0,125.0,-1.5,1.5,1.0,1.0
925,2019-02-28,OKC,PHI,2019.0,104.0,108.0,-4.0,4.0,-3.0,-3.0
926,2019-02-28,ORL,GSW,2019.0,103.0,96.0,4.5,-4.5,1.0,-3.0
927,2019-03-01,ATL,CHI,2019.0,161.0,168.0,-1.0,1.0,3.0,3.0
928,2019-03-01,BOS,WAS,2019.0,107.0,96.0,-10.0,10.0,-1.0,-1.0
929,2019-03-01,BRK,CHA,2019.0,112.0,123.0,-2.5,2.5,1.0,-2.0
930,2019-03-01,LAL,MIL,2019.0,120.0,131.0,5.5,-5.5,-3.0,-1.0
931,2019-03-01,PHO,NOP,2019.0,116.0,130.0,4.5,-4.5,-3.0,3.0
932,2019-03-01,SAC,LAC,2019.0,109.0,116.0,-3.5,3.5,3.0,3.0
933,2019-03-01,TOR,POR,2019.0,119.0,117.0,-5.0,5.0,-3.0,5.0
934,2019-03-02,CLE,DET,2019.0,93.0,129.0,8.0,-8.0,1.0,-1.0
935,2019-03-02,DAL,MEM,2019.0,81.0,111.0,-4.5,4.5,-3.0,-3.0
936,2019-03-02,DEN,NOP,2019.0,112.0,120.0,-13.5,13.5,1.0,3.0
937,2019-03-02,IND,ORL,2019.0,112.0,117.0,-3.0,3.0,1.0,1.0
938,2019-03-02,MIA,BRK,2019.0,117.0,88.0,-2.5,2.5,1.0,-1.0
939,2019-03-02,PHI,GSW,2019.0,117.0,120.0,5.0,-5.0,-1.0,-3.0
940,2019-03-02,PHO,LAL,2019.0,118.0,109.0,7.0,-7.0,-3.0,-3.0
941,2019-03-02,SAS,OKC,2019.0,116.0,102.0,-5.0,5.0,-1.0,-5.0
942,2019-03-02,UTA,MIL,2019.0,115.0,111.0,-4.5,4.5,3.0,-1.0
943,2019-03-03,BOS,HOU,2019.0,104.0,115.0,-2.0,2.0,-1.0,-2.0
944,2019-03-03,CHA,POR,2019.0,108.0,118.0,2.5,-2.5,0.0,5.0
945,2019-03-03,CHI,ATL,2019.0,118.0,123.0,-4.0,4.0,3.0,3.0
946,2019-03-03,CLE,ORL,2019.0,107.0,93.0,6.0,-6.0,1.0,1.0
947,2019-03-03,DET,TOR,2019.0,112.0,107.0,2.0,-2.0,1.0,-3.0
948,2019-03-03,LAC,NYK,2019.0,128.0,107.0,-10.0,10.0,3.0,1.0
949,2019-03-03,OKC,MEM,2019.0,99.0,95.0,-10.0,10.0,-5.0,-1.0
950,2019-03-03,WAS,MIN,2019.0,135.0,121.0,-1.0,1.0,-1.0,1.0
951,2019-03-04,BRK,DAL,2019.0,127.0,88.0,-5.5,5.5,-1.0,-3.0
952,2019-03-04,LAL,LAC,2019.0,105.0,113.0,-3.5,3.5,-5.0,3.0
953,2019-03-04,MIA,ATL,2019.0,114.0,113.0,-10.0,10.0,1.0,3.0
954,2019-03-04,PHO,MIL,2019.0,114.0,105.0,13.5,-13.5,-1.0,1.0
955,2019-03-04,SAC,NYK,2019.0,115.0,108.0,-11.0,11.0,1.0,-1.0
956,2019-03-04,SAS,DEN,2019.0,104.0,103.0,-1.5,1.5,1.0,1.0
957,2019-03-04,UTA,NOP,2019.0,112.0,115.0,-9.5,9.5,1.0,5.0
958,2019-03-05,GSW,BOS,2019.0,95.0,128.0,-6.5,6.5,-3.0,-3.0
959,2019-03-05,IND,CHI,2019.0,105.0,96.0,-6.5,6.5,-1.0,1.0
960,2019-03-05,MEM,POR,2019.0,120.0,111.0,5.5,-5.5,1.0,5.0
961,2019-03-05,MIN,OKC,2019.0,131.0,120.0,2.0,-2.0,-1.0,-5.0
962,2019-03-05,PHI,ORL,2019.0,114.0,106.0,-4.0,4.0,-1.0,1.0
963,2019-03-05,TOR,HOU,2019.0,95.0,107.0,-3.5,3.5,-3.0,0.0
964,2019-03-06,ATL,SAS,2019.0,104.0,111.0,5.5,-5.5,3.0,-1.0
965,2019-03-06,BRK,CLE,2019.0,113.0,107.0,-9.5,9.5,-1.0,1.0
966,2019-03-06,CHA,MIA,2019.0,84.0,91.0,-3.5,3.5,-2.0,1.0
967,2019-03-06,CHI,PHI,2019.0,108.0,107.0,3.5,-3.5,-1.0,1.0
968,2019-03-06,DET,MIN,2019.0,131.0,114.0,-4.5,4.5,3.0,-1.0
969,2019-03-06,LAL,DEN,2019.0,99.0,115.0,5.0,-5.0,-5.0,1.0
970,2019-03-06,NOP,UTA,2019.0,104.0,114.0,4.5,-4.5,5.0,-1.0
971,2019-03-06,PHO,NYK,2019.0,107.0,96.0,-3.5,3.5,1.0,1.0
972,2019-03-06,SAC,BOS,2019.0,109.0,111.0,2.0,-2.0,-1.0,-1.0
973,2019-03-06,WAS,DAL,2019.0,132.0,123.0,-5.5,5.5,-1.0,-3.0
974,2019-03-07,MIL,IND,2019.0,117.0,98.0,-10.0,10.0,1.0,-1.0
975,2019-03-07,POR,OKC,2019.0,121.0,129.0,-3.5,3.5,3.0,-5.0
976,2019-03-08,CHA,WAS,2019.0,112.0,111.0,-4.5,4.5,-2.0,1.0
977,2019-03-08,CHI,DET,2019.0,104.0,112.0,3.5,-3.5,1.0,3.0
978,2019-03-08,GSW,DEN,2019.0,122.0,105.0,-7.0,7.0,-3.0,1.0
979,2019-03-08,HOU,PHI,2019.0,107.0,91.0,-7.5,7.5,0.0,1.0
980,2019-03-08,LAC,OKC,2019.0,118.0,110.0,-2.0,2.0,5.0,-3.0
981,2019-03-08,MEM,UTA,2019.0,114.0,104.0,4.5,-4.5,3.0,-1.0
982,2019-03-08,MIA,CLE,2019.0,126.0,110.0,-9.0,9.0,3.0,1.0
983,2019-03-08,NOP,TOR,2019.0,104.0,127.0,9.5,-9.5,3.0,-3.0
984,2019-03-08,ORL,DAL,2019.0,111.0,106.0,-7.0,7.0,-1.0,-3.0
985,2019-03-09,ATL,BRK,2019.0,112.0,114.0,4.5,-4.5,1.0,-3.0
986,2019-03-09,LAL,BOS,2019.0,107.0,120.0,7.5,-7.5,-5.0,0.0
987,2019-03-09,MIL,CHA,2019.0,131.0,114.0,-12.0,12.0,1.0,-2.0
988,2019-03-09,MIN,WAS,2019.0,135.0,130.0,-7.0,7.0,-3.0,3.0
989,2019-03-09,NYK,SAC,2019.0,94.0,102.0,5.5,-5.5,-1.0,-2.0
990,2019-03-09,POR,PHO,2019.0,127.0,120.0,-12.0,12.0,1.0,3.0
991,2019-03-10,ATL,NOP,2019.0,128.0,116.0,-1.0,1.0,1.0,1.0
992,2019-03-10,DAL,HOU,2019.0,93.0,94.0,8.5,-8.5,-1.0,2.0
993,2019-03-10,DET,CHI,2019.0,131.0,108.0,-9.0,9.0,3.0,-1.0
994,2019-03-10,GSW,PHO,2019.0,111.0,115.0,-17.0,17.0,-3.0,3.0
995,2019-03-10,MEM,ORL,2019.0,105.0,97.0,-1.0,1.0,3.0,-1.0
996,2019-03-10,MIA,TOR,2019.0,104.0,125.0,-2.0,2.0,3.0,-1.0
997,2019-03-10,MIN,NYK,2019.0,103.0,92.0,-6.5,6.5,-3.0,-3.0
998,2019-03-10,PHI,IND,2019.0,106.0,89.0,-6.0,6.0,1.0,-1.0
999,2019-03-10,SAS,MIL,2019.0,121.0,114.0,2.0,-2.0,1.0,3.0
1000,2019-03-11,BRK,DET,2019.0,103.0,75.0,-2.0,2.0,-3.0,5.0
1001,2019-03-11,CLE,TOR,2019.0,126.0,101.0,8.5,-8.5,1.0,-1.0
1002,2019-03-11,HOU,CHA,2019.0,118.0,106.0,-9.5,9.5,1.0,-3.0
1003,2019-03-11,LAC,BOS,2019.0,140.0,115.0,1.5,-1.5,5.0,2.0
1004,2019-03-11,UTA,OKC,2019.0,89.0,98.0,-3.5,3.5,-1.0,-3.0
1005,2019-03-11,WAS,SAC,2019.0,121.0,115.0,-2.5,2.5,3.0,0.0
1006,2019-03-12,CHI,LAL,2019.0,107.0,123.0,2.0,-2.0,-3.0,-5.0
1007,2019-03-12,DAL,SAS,2019.0,105.0,112.0,3.5,-3.5,-1.0,3.0
1008,2019-03-12,DEN,MIN,2019.0,133.0,107.0,-10.0,10.0,-1.0,-1.0
1009,2019-03-12,IND,NYK,2019.0,103.0,98.0,-11.0,11.0,-1.0,-3.0
1010,2019-03-12,LAC,POR,2019.0,104.0,125.0,4.0,-4.0,5.0,-1.0
1011,2019-03-12,NOP,MIL,2019.0,113.0,130.0,10.5,-10.5,-1.0,1.0
1012,2019-03-12,PHI,CLE,2019.0,106.0,99.0,-15.0,15.0,1.0,1.0
1013,2019-03-13,ATL,MEM,2019.0,132.0,111.0,1.5,-1.5,3.0,5.0
1014,2019-03-13,HOU,GSW,2019.0,104.0,106.0,-4.0,4.0,3.0,-3.0
1015,2019-03-13,MIA,DET,2019.0,108.0,74.0,-2.0,2.0,1.0,3.0
1016,2019-03-13,OKC,BRK,2019.0,108.0,96.0,-7.0,7.0,-1.0,-1.0
1017,2019-03-13,PHO,UTA,2019.0,97.0,114.0,8.5,-8.5,5.0,-3.0
1018,2019-03-13,WAS,ORL,2019.0,100.0,90.0,-2.0,2.0,5.0,-3.0
1019,2019-03-14,BOS,SAC,2019.0,126.0,120.0,-7.5,7.5,0.0,-2.0
1020,2019-03-14,DEN,DAL,2019.0,100.0,99.0,-11.5,11.5,1.0,-1.0
1021,2019-03-14,IND,OKC,2019.0,108.0,106.0,-1.0,1.0,-3.0,1.0
1022,2019-03-14,ORL,CLE,2019.0,120.0,91.0,-8.5,8.5,-5.0,3.0
1023,2019-03-14,TOR,LAL,2019.0,111.0,98.0,-7.0,7.0,-1.0,-3.0
1024,2019-03-14,UTA,MIN,2019.0,120.0,100.0,-9.0,9.0,-1.0,-1.0
1025,2019-03-15,DET,LAL,2019.0,111.0,97.0,-12.5,12.5,1.0,-3.0
1026,2019-03-15,HOU,PHO,2019.0,108.0,102.0,-12.5,12.5,1.0,3.0
1027,2019-03-15,LAC,CHI,2019.0,128.0,121.0,-9.0,9.0,3.0,-3.0
1028,2019-03-15,MIA,MIL,2019.0,98.0,113.0,5.0,-5.0,1.0,1.0
1029,2019-03-15,NOP,POR,2019.0,110.0,122.0,9.0,-9.0,-3.0,-1.0
1030,2019-03-15,PHI,SAC,2019.0,123.0,114.0,-10.5,10.5,-1.0,0.0
1031,2019-03-15,SAS,NYK,2019.0,109.0,83.0,-13.5,13.5,3.0,-1.0
1032,2019-03-15,WAS,CHA,2019.0,110.0,116.0,-3.0,3.0,5.0,-5.0
1033,2019-03-16,BOS,ATL,2019.0,129.0,120.0,-10.5,10.5,0.0,3.0
1034,2019-03-16,DAL,CLE,2019.0,121.0,116.0,-5.5,5.5,1.0,1.0
1035,2019-03-16,DEN,IND,2019.0,102.0,100.0,-7.0,7.0,1.0,-1.0
1036,2019-03-16,NOP,PHO,2019.0,136.0,138.0,-4.5,4.5,-5.0,3.0
1037,2019-03-16,OKC,GSW,2019.0,88.0,110.0,-2.0,2.0,1.0,-1.0
1038,2019-03-16,SAS,POR,2019.0,108.0,103.0,-2.5,2.5,3.0,-1.0
1039,2019-03-16,UTA,BRK,2019.0,114.0,98.0,-9.0,9.0,1.0,-1.0
1040,2019-03-16,WAS,MEM,2019.0,135.0,128.0,-1.5,1.5,3.0,3.0
1041,2019-03-17,DET,TOR,2019.0,110.0,107.0,-1.5,1.5,1.0,1.0
1042,2019-03-17,HOU,MIN,2019.0,117.0,102.0,-9.5,9.5,-1.0,-3.0
1043,2019-03-17,LAC,BRK,2019.0,119.0,116.0,-6.0,6.0,1.0,-3.0
1044,2019-03-17,MIA,CHA,2019.0,93.0,75.0,-3.0,3.0,1.0,-3.0
1045,2019-03-17,MIL,PHI,2019.0,125.0,130.0,-5.5,5.5,3.0,-3.0
1046,2019-03-17,NYK,LAL,2019.0,124.0,123.0,5.0,-5.0,-3.0,-3.0
1047,2019-03-17,ORL,ATL,2019.0,101.0,91.0,-9.0,9.0,-3.0,3.0
1048,2019-03-17,SAC,CHI,2019.0,129.0,102.0,-6.5,6.5,2.0,-1.0
1049,2019-03-18,BOS,DEN,2019.0,105.0,114.0,-4.0,4.0,-2.0,-1.0
1050,2019-03-18,CLE,DET,2019.0,126.0,119.0,6.5,-6.5,1.0,1.0
1051,2019-03-18,DAL,NOP,2019.0,125.0,129.0,-5.0,5.0,1.0,-5.0
1052,2019-03-18,OKC,MIA,2019.0,107.0,116.0,-5.5,5.5,-1.0,1.0
1053,2019-03-18,PHO,CHI,2019.0,101.0,116.0,-2.5,2.5,3.0,-3.0
1054,2019-03-18,POR,IND,2019.0,106.0,98.0,-4.5,4.5,-1.0,-1.0
1055,2019-03-18,SAS,GSW,2019.0,111.0,105.0,3.0,-3.0,5.0,1.0
1056,2019-03-18,TOR,NYK,2019.0,128.0,92.0,-12.5,12.5,1.0,-1.0
1057,2019-03-18,WAS,UTA,2019.0,95.0,116.0,5.5,-5.5,3.0,1.0
1058,2019-03-19,ATL,HOU,2019.0,105.0,121.0,7.5,-7.5,3.0,-1.0
1059,2019-03-19,CHA,PHI,2019.0,114.0,118.0,-1.0,1.0,-3.0,-1.0
1060,2019-03-19,LAC,IND,2019.0,115.0,109.0,-5.5,5.5,-1.0,-1.0
1061,2019-03-19,MIL,LAL,2019.0,115.0,101.0,-11.0,11.0,1.0,-3.0
1062,2019-03-19,MIN,GSW,2019.0,107.0,117.0,6.5,-6.5,-3.0,1.0
1063,2019-03-19,SAC,BRK,2019.0,121.0,123.0,-3.5,3.5,3.0,-1.0
1064,2019-03-20,CHI,WAS,2019.0,126.0,120.0,4.0,-4.0,-1.0,1.0
1065,2019-03-20,CLE,MIL,2019.0,107.0,102.0,5.5,-5.5,3.0,1.0
1066,2019-03-20,MEM,HOU,2019.0,126.0,125.0,5.5,-5.5,1.0,1.0
1067,2019-03-20,NYK,UTA,2019.0,116.0,137.0,12.5,-12.5,-1.0,3.0
1068,2019-03-20,OKC,TOR,2019.0,114.0,123.0,-5.0,5.0,-1.0,1.0
1069,2019-03-20,ORL,NOP,2019.0,119.0,96.0,-9.0,9.0,-1.0,-3.0
1070,2019-03-20,PHI,BOS,2019.0,118.0,115.0,-3.5,3.5,1.0,-3.0
1071,2019-03-20,POR,DAL,2019.0,126.0,118.0,-10.0,10.0,1.0,-1.0
1072,2019-03-20,SAS,MIA,2019.0,105.0,110.0,-5.5,5.5,5.0,1.0
1073,2019-03-21,ATL,UTA,2019.0,117.0,114.0,7.5,-7.5,1.0,5.0
1074,2019-03-21,CHA,MIN,2019.0,113.0,106.0,-6.0,6.0,-3.0,-3.0
1075,2019-03-21,GSW,IND,2019.0,112.0,89.0,-10.5,10.5,1.0,-1.0
1076,2019-03-21,PHO,DET,2019.0,98.0,118.0,7.0,-7.0,1.0,-1.0
1077,2019-03-21,SAC,DAL,2019.0,116.0,100.0,-9.0,9.0,1.0,-1.0
1078,2019-03-21,WAS,DEN,2019.0,108.0,113.0,8.5,-8.5,-1.0,-1.0
1079,2019-03-22,CLE,LAC,2019.0,108.0,110.0,6.5,-6.5,3.0,-1.0
1080,2019-03-22,HOU,SAS,2019.0,111.0,105.0,-6.0,6.0,-1.0,3.0
1081,2019-03-22,LAL,BRK,2019.0,106.0,111.0,2.5,-2.5,-3.0,1.0
1082,2019-03-22,MIL,MIA,2019.0,116.0,87.0,-7.5,7.5,1.0,3.0
1083,2019-03-22,NYK,DEN,2019.0,93.0,111.0,11.0,-11.0,-1.0,-1.0
1084,2019-03-22,ORL,MEM,2019.0,123.0,119.0,-10.5,10.5,1.0,1.0
1085,2019-03-22,TOR,OKC,2019.0,109.0,116.0,-2.0,2.0,1.0,-3.0
1086,2019-03-23,ATL,PHI,2019.0,129.0,127.0,7.5,-7.5,1.0,-1.0
1087,2019-03-23,CHA,BOS,2019.0,124.0,117.0,4.0,-4.0,-1.0,-3.0
1088,2019-03-23,CHI,UTA,2019.0,83.0,114.0,11.0,-11.0,1.0,3.0
1089,2019-03-23,GSW,DAL,2019.0,91.0,126.0,-13.5,13.5,3.0,-1.0
1090,2019-03-23,MEM,MIN,2019.0,99.0,112.0,-1.0,1.0,1.0,-5.0
1091,2019-03-23,POR,DET,2019.0,117.0,112.0,-5.0,5.0,1.0,1.0
1092,2019-03-23,SAC,PHO,2019.0,112.0,103.0,-10.5,10.5,3.0,-1.0
1093,2019-03-23,WAS,MIA,2019.0,108.0,113.0,-1.0,1.0,-1.0,1.0
1094,2019-03-24,BOS,SAS,2019.0,96.0,115.0,1.5,-1.5,-3.0,2.0
1095,2019-03-24,GSW,DET,2019.0,121.0,114.0,-10.0,10.0,1.0,2.0
1096,2019-03-24,IND,DEN,2019.0,124.0,88.0,1.5,-1.5,-1.0,-1.0
1097,2019-03-24,LAL,SAC,2019.0,111.0,106.0,1.0,-1.0,-5.0,1.0
1098,2019-03-24,MIL,CLE,2019.0,127.0,105.0,-14.0,14.0,1.0,3.0
1099,2019-03-24,NOP,HOU,2019.0,90.0,113.0,10.0,-10.0,-3.0,0.0
1100,2019-03-24,NYK,LAC,2019.0,113.0,124.0,8.5,-8.5,-3.0,-3.0
1101,2019-03-24,TOR,CHA,2019.0,114.0,115.0,-11.5,11.5,1.0,1.0
1102,2019-03-25,MEM,OKC,2019.0,115.0,103.0,7.5,-7.5,-1.0,-3.0
1103,2019-03-25,ORL,PHI,2019.0,119.0,98.0,-2.0,2.0,1.0,-1.0
1104,2019-03-25,POR,BRK,2019.0,148.0,144.0,-6.0,6.0,0.0,1.0
1105,2019-03-25,UTA,PHO,2019.0,125.0,92.0,-14.0,14.0,3.0,1.0
1106,2019-03-26,CHA,SAS,2019.0,125.0,116.0,4.5,-4.5,1.0,2.0
1107,2019-03-26,CLE,BOS,2019.0,106.0,116.0,5.5,-5.5,3.0,-3.0
1108,2019-03-26,DAL,SAC,2019.0,121.0,125.0,2.0,-2.0,-1.0,-1.0
1109,2019-03-26,DEN,DET,2019.0,95.0,92.0,-7.5,7.5,-1.0,2.0
1110,2019-03-26,LAL,WAS,2019.0,124.0,106.0,-2.5,2.5,-3.0,-1.0
1111,2019-03-26,MIA,ORL,2019.0,99.0,104.0,-3.5,3.5,3.0,3.0
1112,2019-03-26,MIL,HOU,2019.0,108.0,94.0,-3.0,3.0,1.0,2.0
1113,2019-03-26,MIN,LAC,2019.0,111.0,122.0,3.0,-3.0,-3.0,-1.0
1114,2019-03-26,NOP,ATL,2019.0,120.0,130.0,2.5,-2.5,-3.0,1.0
1115,2019-03-26,TOR,CHI,2019.0,112.0,103.0,-14.5,14.5,-1.0,1.0
1116,2019-03-27,CHI,POR,2019.0,98.0,118.0,9.0,-9.0,1.0,-2.0
1117,2019-03-27,MEM,GSW,2019.0,103.0,118.0,9.5,-9.5,1.0,-1.0
1118,2019-03-27,OKC,IND,2019.0,107.0,99.0,-6.5,6.5,-3.0,-1.0
1119,2019-03-27,PHO,WAS,2019.0,121.0,124.0,1.5,-1.5,-1.0,-3.0
1120,2019-03-27,UTA,LAL,2019.0,115.0,100.0,-16.0,16.0,3.0,-1.0
1121,2019-03-28,DET,ORL,2019.0,115.0,98.0,-3.0,3.0,2.0,3.0
1122,2019-03-28,HOU,DEN,2019.0,112.0,85.0,-6.0,6.0,0.0,-1.0
1123,2019-03-28,MIA,DAL,2019.0,105.0,99.0,-6.0,6.0,1.0,-1.0
1124,2019-03-28,MIL,LAC,2019.0,128.0,118.0,-10.0,10.0,3.0,1.0
1125,2019-03-28,NOP,SAC,2019.0,121.0,118.0,6.5,-6.5,-3.0,-1.0
1126,2019-03-28,NYK,TOR,2019.0,92.0,117.0,10.0,-10.0,-3.0,-1.0
1127,2019-03-28,PHI,BRK,2019.0,123.0,110.0,-7.0,7.0,-1.0,3.0
1128,2019-03-28,SAS,CLE,2019.0,116.0,110.0,-12.0,12.0,0.0,1.0
1129,2019-03-29,ATL,POR,2019.0,98.0,118.0,2.5,-2.5,1.0,0.0
1130,2019-03-29,BOS,IND,2019.0,114.0,112.0,-7.0,7.0,-1.0,-3.0
1131,2019-03-29,LAL,CHA,2019.0,129.0,115.0,2.0,-2.0,1.0,3.0
1132,2019-03-29,MIN,GSW,2019.0,131.0,130.0,10.0,-10.0,-3.0,1.0
1133,2019-03-29,OKC,DEN,2019.0,105.0,115.0,-4.5,4.5,-1.0,-3.0
1134,2019-03-29,UTA,WAS,2019.0,128.0,124.0,-13.0,13.0,1.0,-1.0
1135,2019-03-30,BRK,BOS,2019.0,110.0,96.0,-4.0,4.0,3.0,-1.0
1136,2019-03-30,CHI,TOR,2019.0,101.0,124.0,10.5,-10.5,1.0,-1.0
1137,2019-03-30,DET,POR,2019.0,99.0,90.0,-5.5,5.5,4.0,0.0
1138,2019-03-30,HOU,SAC,2019.0,119.0,108.0,-10.0,10.0,0.0,-1.0
1139,2019-03-30,IND,ORL,2019.0,116.0,121.0,-1.5,1.5,-1.0,1.0
1140,2019-03-30,LAC,CLE,2019.0,132.0,108.0,-9.0,9.0,2.0,1.0
1141,2019-03-30,MIN,PHI,2019.0,109.0,118.0,4.5,-4.5,-1.0,-1.0
1142,2019-03-30,NYK,MIA,2019.0,92.0,100.0,7.0,-7.0,-5.0,0.0
1143,2019-03-30,PHO,MEM,2019.0,115.0,120.0,2.5,-2.5,-3.0,1.0
1144,2019-03-31,ATL,MIL,2019.0,136.0,135.0,2.0,-2.0,1.0,2.0
1145,2019-03-31,DEN,WAS,2019.0,90.0,95.0,-10.5,10.5,-1.0,1.0
1146,2019-03-31,GSW,CHA,2019.0,137.0,90.0,-11.0,11.0,-1.0,3.0
1147,2019-03-31,LAC,MEM,2019.0,113.0,96.0,-10.0,10.0,2.0,1.0
1148,2019-03-31,NOP,LAL,2019.0,102.0,130.0,-3.0,3.0,-1.0,3.0
1149,2019-03-31,OKC,DAL,2019.0,103.0,106.0,-12.5,12.5,-1.0,0.0
1150,2019-03-31,SAS,SAC,2019.0,106.0,113.0,-10.5,10.5,-2.0,-3.0
1151,2019-04-01,BOS,MIA,2019.0,110.0,105.0,-7.0,7.0,-3.0,0.0
1152,2019-04-01,BRK,MIL,2019.0,121.0,131.0,-1.0,1.0,3.0,2.0
1153,2019-04-01,DAL,PHI,2019.0,122.0,102.0,4.5,-4.5,0.0,-1.0
1154,2019-04-01,IND,DET,2019.0,111.0,102.0,-5.5,5.5,-1.0,4.0
1155,2019-04-01,MIN,POR,2019.0,122.0,132.0,3.0,-3.0,-1.0,0.0
1156,2019-04-01,NYK,CHI,2019.0,113.0,105.0,-3.5,3.5,-5.0,-1.0
1157,2019-04-01,PHO,CLE,2019.0,122.0,113.0,-2.0,2.0,-3.0,-1.0
1158,2019-04-01,TOR,ORL,2019.0,121.0,109.0,-6.5,6.5,-1.0,1.0
1159,2019-04-01,UTA,CHA,2019.0,111.0,102.0,-11.0,11.0,-1.0,1.0
1160,2019-04-02,GSW,DEN,2019.0,116.0,102.0,-8.5,8.5,-1.0,-3.0
1161,2019-04-02,OKC,LAL,2019.0,119.0,103.0,-12.5,12.5,-1.0,5.0
1162,2019-04-02,SAC,HOU,2019.0,105.0,130.0,5.5,-5.5,-1.0,2.0
1163,2019-04-02,SAS,ATL,2019.0,117.0,111.0,-11.0,11.0,-2.0,3.0
1164,2019-04-03,ATL,PHI,2019.0,130.0,122.0,4.5,-4.5,3.0,-1.0
1165,2019-04-03,BRK,TOR,2019.0,105.0,115.0,2.0,-2.0,1.0,1.0
1166,2019-04-03,DAL,MIN,2019.0,108.0,110.0,-2.5,2.5,2.0,-1.0
1167,2019-04-03,DEN,SAS,2019.0,113.0,85.0,-4.5,4.5,-3.0,-3.0
1168,2019-04-03,DET,IND,2019.0,89.0,108.0,-2.5,2.5,3.0,1.0
1169,2019-04-03,LAC,HOU,2019.0,103.0,135.0,2.5,-2.5,4.0,3.0
1170,2019-04-03,MIA,BOS,2019.0,102.0,112.0,-1.0,1.0,2.0,-3.0
1171,2019-04-03,NOP,CHA,2019.0,109.0,115.0,4.5,-4.5,-3.0,1.0
1172,2019-04-03,ORL,NYK,2019.0,114.0,100.0,-13.0,13.0,1.0,-3.0
1173,2019-04-03,PHO,UTA,2019.0,97.0,118.0,10.5,-10.5,-1.0,-1.0
1174,2019-04-03,POR,MEM,2019.0,116.0,89.0,-10.5,10.5,1.0,-1.0
1175,2019-04-03,WAS,CHI,2019.0,114.0,115.0,-9.5,9.5,1.0,-3.0
1176,2019-04-04,LAL,GSW,2019.0,90.0,108.0,13.5,-13.5,3.0,1.0
1177,2019-04-04,PHI,MIL,2019.0,122.0,128.0,4.0,-4.0,-1.0,2.0
1178,2019-04-04,SAC,CLE,2019.0,117.0,104.0,-10.0,10.0,-1.0,-3.0
1179,2019-04-05,CHA,TOR,2019.0,113.0,111.0,6.0,-6.0,1.0,3.0
1180,2019-04-05,DAL,MEM,2019.0,112.0,122.0,-4.0,4.0,0.0,-1.0
1181,2019-04-05,DEN,POR,2019.0,119.0,110.0,-6.0,6.0,-1.0,3.0
1182,2019-04-05,GSW,CLE,2019.0,120.0,114.0,-15.5,15.5,3.0,-3.0
1183,2019-04-05,HOU,NYK,2019.0,120.0,96.0,-18.0,18.0,3.0,-3.0
1184,2019-04-05,IND,BOS,2019.0,97.0,117.0,1.0,-1.0,1.0,-1.0
1185,2019-04-05,LAC,LAL,2019.0,117.0,122.0,-11.5,11.5,2.0,1.0
1186,2019-04-05,MIN,MIA,2019.0,111.0,109.0,4.0,-4.0,-1.0,0.0
1187,2019-04-05,OKC,DET,2019.0,123.0,110.0,-6.0,6.0,-1.0,1.0
1188,2019-04-05,ORL,ATL,2019.0,149.0,113.0,-9.0,9.0,1.0,3.0
1189,2019-04-05,PHO,NOP,2019.0,133.0,126.0,2.5,-2.5,-3.0,-3.0
1190,2019-04-05,UTA,SAC,2019.0,119.0,98.0,-10.0,10.0,-1.0,-1.0
1191,2019-04-05,WAS,SAS,2019.0,112.0,129.0,7.0,-7.0,1.0,-5.0
1192,2019-04-06,CHI,PHI,2019.0,96.0,116.0,10.0,-10.0,-1.0,-1.0
1193,2019-04-06,MIL,BRK,2019.0,128.0,133.0,-3.5,3.5,2.0,-1.0
1194,2019-04-07,BOS,ORL,2019.0,108.0,116.0,-4.0,4.0,-1.0,1.0
1195,2019-04-07,CLE,SAS,2019.0,90.0,112.0,8.5,-8.5,-1.0,-3.0
1196,2019-04-07,DET,CHA,2019.0,91.0,104.0,-6.5,6.5,-1.0,1.0
1197,2019-04-07,GSW,LAC,2019.0,131.0,104.0,-11.5,11.5,1.0,0.0
1198,2019-04-07,HOU,PHO,2019.0,149.0,113.0,-18.5,18.5,5.0,-1.0
1199,2019-04-07,IND,BRK,2019.0,96.0,108.0,-3.0,3.0,1.0,-1.0
1200,2019-04-07,LAL,UTA,2019.0,113.0,109.0,12.0,-12.0,1.0,-1.0
1201,2019-04-07,MEM,DAL,2019.0,127.0,129.0,1.0,-1.0,-1.0,0.0
1202,2019-04-07,MIL,ATL,2019.0,115.0,107.0,-11.5,11.5,0.0,1.0
1203,2019-04-07,MIN,OKC,2019.0,126.0,132.0,6.5,-6.5,1.0,1.0
1204,2019-04-07,NYK,WAS,2019.0,113.0,110.0,4.0,-4.0,-3.0,1.0
1205,2019-04-07,POR,DEN,2019.0,115.0,108.0,-8.5,8.5,1.0,1.0
1206,2019-04-07,SAC,NOP,2019.0,129.0,133.0,-12.0,12.0,-1.0,-3.0
1207,2019-04-07,TOR,MIA,2019.0,117.0,109.0,-5.5,5.5,3.0,0.0
1208,2019-04-09,CHI,NYK,2019.0,86.0,96.0,-1.5,1.5,-3.0,-1.0
1209,2019-04-09,CLE,CHA,2019.0,97.0,124.0,8.5,-8.5,-3.0,3.0
1210,2019-04-09,DAL,PHO,2019.0,120.0,109.0,-8.5,8.5,1.0,-1.0
1211,2019-04-09,DET,MEM,2019.0,100.0,93.0,-11.5,11.5,-3.0,-1.0
1212,2019-04-09,LAL,POR,2019.0,101.0,104.0,9.5,-9.5,1.0,-1.0
1213,2019-04-09,MIA,PHI,2019.0,122.0,99.0,-6.0,6.0,-1.0,-1.0
1214,2019-04-09,MIN,TOR,2019.0,100.0,120.0,7.5,-7.5,1.0,3.0
1215,2019-04-09,NOP,GSW,2019.0,103.0,112.0,9.5,-9.5,-1.0,3.0
1216,2019-04-09,OKC,HOU,2019.0,112.0,111.0,3.0,-3.0,-1.0,5.0
1217,2019-04-09,UTA,DEN,2019.0,118.0,108.0,-2.0,2.0,-1.0,1.0
1218,2019-04-09,WAS,BOS,2019.0,110.0,116.0,-5.0,5.0,-1.0,-1.0
1219,2019-04-10,ATL,IND,2019.0,134.0,135.0,-5.5,5.5,3.0,-1.0
1220,2019-04-10,BRK,MIA,2019.0,113.0,94.0,-4.5,4.5,1.0,-1.0
1221,2019-04-10,CHA,ORL,2019.0,114.0,122.0,-4.0,4.0,5.0,3.0
1222,2019-04-10,DEN,MIN,2019.0,99.0,95.0,-12.5,12.5,1.0,1.0
1223,2019-04-10,LAC,UTA,2019.0,143.0,137.0,-8.0,8.0,-1.0,1.0
1224,2019-04-10,MEM,GSW,2019.0,132.0,117.0,5.0,-5.0,-1.0,1.0
1225,2019-04-10,MIL,OKC,2019.0,116.0,127.0,4.5,-4.5,-1.0,1.0
1226,2019-04-10,NYK,DET,2019.0,89.0,115.0,8.5,-8.5,1.0,-5.0
1227,2019-04-10,PHI,CHI,2019.0,125.0,109.0,-6.0,6.0,-3.0,-3.0
1228,2019-04-10,POR,SAC,2019.0,136.0,131.0,-3.0,3.0,-1.0,-1.0
1229,2019-04-10,SAS,DAL,2019.0,105.0,94.0,-14.5,14.5,-1.0,1.0
1230,2019-04-13,DEN,SAS,2019.0,96.0,101.0,-5.5,5.5,1.0,-1.0
1231,2019-04-13,GSW,LAC,2019.0,121.0,104.0,-13.5,13.5,-1.0,-3.0
1232,2019-04-13,PHI,BRK,2019.0,102.0,111.0,-7.5,7.5,-1.0,1.0
1233,2019-04-13,TOR,ORL,2019.0,101.0,104.0,-9.5,9.5,3.0,3.0
1234,2019-04-14,BOS,IND,2019.0,84.0,74.0,-7.5,7.5,1.0,1.0
1235,2019-04-14,HOU,UTA,2019.0,122.0,90.0,-6.5,6.5,3.0,3.0
1236,2019-04-14,MIL,DET,2019.0,121.0,86.0,-15.0,15.0,-1.0,-3.0
1237,2019-04-14,POR,OKC,2019.0,104.0,99.0,-3.0,3.0,-1.0,3.0
1238,2019-04-15,GSW,LAC,2019.0,131.0,135.0,-13.5,13.5,-1.0,-5.0
1239,2019-04-15,PHI,BRK,2019.0,145.0,123.0,-8.5,8.5,-1.0,3.0
1240,2019-04-16,DEN,SAS,2019.0,114.0,105.0,-7.0,7.0,-1.0,1.0
1241,2019-04-16,POR,OKC,2019.0,114.0,94.0,-1.0,1.0,-1.0,1.0
1242,2019-04-16,TOR,ORL,2019.0,111.0,82.0,-11.0,11.0,1.0,5.0
1243,2019-04-17,BOS,IND,2019.0,99.0,91.0,-7.5,7.5,3.0,-1.0
1244,2019-04-17,HOU,UTA,2019.0,118.0,98.0,-6.5,6.5,3.0,1.0
1245,2019-04-17,MIL,DET,2019.0,120.0,99.0,-15.5,15.5,-1.0,-3.0
1246,2019-04-18,BRK,PHI,2019.0,115.0,131.0,1.5,-1.5,3.0,1.0
1247,2019-04-18,LAC,GSW,2019.0,105.0,132.0,9.5,-9.5,-3.0,-1.0
1248,2019-04-18,SAS,DEN,2019.0,118.0,108.0,-4.5,4.5,1.0,-1.0
1249,2019-04-19,IND,BOS,2019.0,96.0,104.0,-2.5,2.5,-3.0,3.0
1250,2019-04-19,OKC,POR,2019.0,120.0,108.0,-7.5,7.5,-1.0,1.0
1251,2019-04-19,ORL,TOR,2019.0,93.0,98.0,5.5,-5.5,3.0,1.0
1252,2019-04-20,BRK,PHI,2019.0,108.0,112.0,3.5,-3.5,1.0,1.0
1253,2019-04-20,DET,MIL,2019.0,103.0,119.0,9.5,-9.5,-3.0,-1.0
1254,2019-04-20,SAS,DEN,2019.0,103.0,117.0,-3.5,3.5,1.0,-3.0
1255,2019-04-20,UTA,HOU,2019.0,101.0,104.0,-2.0,2.0,-1.0,3.0
1256,2019-04-21,IND,BOS,2019.0,106.0,110.0,3.5,-3.5,-3.0,3.0
1257,2019-04-21,LAC,GSW,2019.0,105.0,113.0,9.5,-9.5,-3.0,-1.0
1258,2019-04-21,OKC,POR,2019.0,98.0,111.0,-5.5,5.5,1.0,1.0
1259,2019-04-21,ORL,TOR,2019.0,85.0,107.0,5.5,-5.5,3.0,1.0
1260,2019-04-22,DET,MIL,2019.0,104.0,127.0,12.5,-12.5,-3.0,1.0
1261,2019-04-22,UTA,HOU,2019.0,107.0,91.0,2.5,-2.5,-1.0,3.0
1262,2019-04-23,DEN,SAS,2019.0,108.0,90.0,-5.5,5.5,-1.0,-1.0
1263,2019-04-23,PHI,BRK,2019.0,122.0,100.0,-9.0,9.0,3.0,-1.0
1264,2019-04-23,POR,OKC,2019.0,118.0,115.0,-4.5,4.5,3.0,-1.0
1265,2019-04-23,TOR,ORL,2019.0,115.0,96.0,-11.5,11.5,1.0,1.0
1266,2019-04-24,GSW,LAC,2019.0,121.0,129.0,-15.0,15.0,-1.0,-1.0
1267,2019-04-24,HOU,UTA,2019.0,100.0,93.0,-8.5,8.5,1.0,-1.0
1268,2019-04-25,SAS,DEN,2019.0,120.0,103.0,-3.0,3.0,-1.0,1.0
1269,2019-04-26,LAC,GSW,2019.0,110.0,129.0,10.5,-10.5,1.0,-1.0
1270,2019-04-27,DEN,SAS,2019.0,90.0,86.0,-6.5,6.5,1.0,-1.0
1271,2019-04-27,TOR,PHI,2019.0,108.0,95.0,-6.5,6.5,1.0,3.0
1272,2019-04-28,GSW,HOU,2019.0,104.0,100.0,-6.0,6.0,-1.0,1.0
1273,2019-04-28,MIL,BOS,2019.0,90.0,112.0,-8.0,8.0,3.0,5.0
1274,2019-04-29,DEN,POR,2019.0,121.0,113.0,-4.0,4.0,-1.0,1.0
1275,2019-04-29,TOR,PHI,2019.0,89.0,94.0,-7.5,7.5,3.0,3.0
1276,2019-04-30,GSW,HOU,2019.0,115.0,109.0,-5.0,5.0,-1.0,1.0
1277,2019-04-30,MIL,BOS,2019.0,123.0,102.0,-7.5,7.5,3.0,5.0
1278,2019-05-01,DEN,POR,2019.0,90.0,97.0,-4.0,4.0,1.0,-1.0
1279,2019-05-02,PHI,TOR,2019.0,116.0,95.0,1.5,-1.5,3.0,1.0
1280,2019-05-03,BOS,MIL,2019.0,116.0,123.0,-2.0,2.0,3.0,3.0
1281,2019-05-03,POR,DEN,2019.0,140.0,137.0,-5.0,5.0,-1.0,-1.0
1282,2019-05-04,HOU,GSW,2019.0,126.0,121.0,-3.5,3.5,-1.0,-1.0
1283,2019-05-05,PHI,TOR,2019.0,96.0,101.0,-2.0,2.0,3.0,1.0
1284,2019-05-05,POR,DEN,2019.0,112.0,116.0,-3.0,3.0,-1.0,-1.0
1285,2019-05-06,BOS,MIL,2019.0,101.0,113.0,-1.0,1.0,1.0,3.0
1286,2019-05-06,HOU,GSW,2019.0,112.0,108.0,1.0,-1.0,-1.0,-1.0
1287,2019-05-07,DEN,POR,2019.0,124.0,98.0,-5.0,5.0,1.0,-3.0
1288,2019-05-07,TOR,PHI,2019.0,125.0,89.0,-6.0,6.0,1.0,1.0
1289,2019-05-08,GSW,HOU,2019.0,104.0,99.0,-6.0,6.0,-1.0,1.0
1290,2019-05-08,MIL,BOS,2019.0,116.0,91.0,-8.5,8.5,3.0,-1.0
1291,2019-05-09,PHI,TOR,2019.0,112.0,101.0,1.5,-1.5,-1.0,1.0
1292,2019-05-09,POR,DEN,2019.0,119.0,108.0,-4.0,4.0,-3.0,3.0
1293,2019-05-10,HOU,GSW,2019.0,113.0,118.0,-7.5,7.5,3.0,-3.0
1294,2019-05-12,DEN,POR,2019.0,96.0,100.0,-5.5,5.5,1.0,-1.0
1295,2019-05-12,TOR,PHI,2019.0,92.0,90.0,-6.0,6.0,-1.0,1.0
1296,2019-05-14,GSW,POR,2019.0,116.0,94.0,-7.0,7.0,-1.0,-1.0
1297,2019-05-15,MIL,TOR,2019.0,108.0,100.0,-6.5,6.5,3.0,-1.0
1298,2019-05-16,GSW,POR,2019.0,114.0,111.0,-7.0,7.0,-1.0,-1.0
1299,2019-05-17,MIL,TOR,2019.0,125.0,103.0,-6.5,6.5,5.0,-1.0
1300,2019-05-18,POR,GSW,2019.0,99.0,110.0,-3.0,3.0,1.0,-1.0
1301,2019-05-19,TOR,MIL,2019.0,118.0,112.0,-2.5,2.5,-3.0,5.0
1302,2019-05-20,POR,GSW,2019.0,117.0,119.0,2.0,-2.0,1.0,1.0
1303,2019-05-21,TOR,MIL,2019.0,120.0,102.0,3.0,-3.0,-3.0,3.0
1304,2019-05-23,MIL,TOR,2019.0,99.0,105.0,-7.5,7.5,1.0,-1.0
1305,2019-05-25,TOR,MIL,2019.0,100.0,94.0,-1.5,1.5,1.0,-1.0
1306,2019-05-30,TOR,GSW,2019.0,118.0,109.0,-1.5,1.5,3.0,2.0
1307,2019-06-02,TOR,GSW,2019.0,104.0,109.0,-2.5,2.5,5.0,0.0
1308,2019-06-05,GSW,TOR,2019.0,109.0,123.0,-3.0,3.0,0.0,3.0
1309,2019-06-07,GSW,TOR,2019.0,92.0,105.0,-5.0,5.0,0.0,3.0
1310,2019-06-10,TOR,GSW,2019.0,105.0,106.0,-1.0,1.0,3.0,-2.0
1311,2019-06-13,GSW,TOR,2019.0,110.0,114.0,-2.5,2.5,-1.0,1.0
