,Date,Home_Team,Away_Team,season,Home_Score,Away_Score,Home_Spread,Away_Spread,Home_last_n_ATS,Away_last_n_ATS
0,2019-10-22,LAC,LAL,2020.0,112.0,102.0,3.5,-3.5,,
1,2019-10-22,TOR,NOP,2020.0,130.0,122.0,-6.5,6.5,,
2,2019-10-23,BRK,MIN,2020.0,126.0,127.0,-3.5,3.5,,
3,2019-10-23,CHA,CHI,2020.0,126.0,125.0,3.5,-3.5,,
4,2019-10-23,DAL,WAS,2020.0,108.0,100.0,-9.0,9.0,,
5,2019-10-23,IND,DET,2020.0,110.0,119.0,-7.5,7.5,,
6,2019-10-23,MIA,MEM,2020.0,120.0,101.0,-6.5,6.5,,
7,2019-10-23,ORL,CLE,2020.0,94.0,85.0,-9.5,9.5,,
8,2019-10-23,PHI,BOS,2020.0,107.0,93.0,-5.5,5.5,,
9,2019-10-23,PHO,SAC,2020.0,124.0,95.0,1.0,-1.0,,
10,2019-10-23,POR,DEN,2020.0,100.0,108.0,1.5,-1.5,,
11,2019-10-23,SAS,NYK,2020.0,120.0,111.0,-10.5,10.5,,
12,2019-10-23,UTA,OKC,2020.0,100.0,95.0,-9.0,9.0,,
13,2019-10-24,DET,ATL,2020.0,100.0,117.0,-1.5,1.5,1.0,
14,2019-10-24,GSW,LAC,2020.0,122.0,141.0,1.0,-1.0,,1.0
15,2019-10-24,HOU,MIL,2020.0,111.0,117.0,-1.5,1.5,,
16,2019-10-25,BOS,TOR,2020.0,112.0,106.0,-2.5,2.5,-1.0,1.0
17,2019-10-25,BRK,NYK,2020.0,113.0,109.0,-8.0,8.0,-1.0,1.0
18,2019-10-25,CHA,MIN,2020.0,99.0,121.0,5.0,-5.0,1.0,1.0
19,2019-10-25,DEN,PHO,2020.0,108.0,107.0,-12.0,12.0,1.0,1.0
20,2019-10-25,LAL,UTA,2020.0,95.0,86.0,-3.5,3.5,-1.0,-1.0
21,2019-10-25,MEM,CHI,2020.0,102.0,110.0,2.0,-2.0,-1.0,-1.0
22,2019-10-25,NOP,DAL,2020.0,116.0,123.0,-2.0,2.0,-1.0,-1.0
23,2019-10-25,OKC,WAS,2020.0,85.0,97.0,-8.5,8.5,1.0,1.0
24,2019-10-25,SAC,POR,2020.0,112.0,122.0,1.5,-1.5,-1.0,-1.0
25,2019-10-26,ATL,ORL,2020.0,103.0,99.0,2.5,-2.5,1.0,-1.0
26,2019-10-26,CHI,TOR,2020.0,84.0,108.0,3.0,-3.0,0.0,0.0
27,2019-10-26,CLE,IND,2020.0,110.0,99.0,4.5,-4.5,1.0,-1.0
28,2019-10-26,DET,PHI,2020.0,111.0,117.0,4.0,-4.0,0.0,1.0
29,2019-10-26,HOU,NOP,2020.0,126.0,123.0,-12.0,12.0,-1.0,-2.0
30,2019-10-26,MIL,MIA,2020.0,126.0,131.0,-11.5,11.5,1.0,1.0
31,2019-10-26,NYK,BOS,2020.0,95.0,118.0,5.0,-5.0,2.0,0.0
32,2019-10-26,PHO,LAC,2020.0,130.0,122.0,10.0,-10.0,2.0,2.0
33,2019-10-26,SAS,WAS,2020.0,124.0,122.0,-11.5,11.5,-1.0,2.0
34,2019-10-26,UTA,SAC,2020.0,113.0,81.0,-9.5,9.5,-2.0,-2.0
35,2019-10-27,DAL,POR,2020.0,119.0,121.0,-2.5,2.5,0.0,0.0
36,2019-10-27,LAL,CHA,2020.0,120.0,101.0,-13.5,13.5,0.0,0.0
37,2019-10-27,MEM,BRK,2020.0,134.0,133.0,4.0,-4.0,-2.0,-2.0
38,2019-10-27,MIN,MIA,2020.0,116.0,109.0,-7.0,7.0,2.0,2.0
39,2019-10-27,OKC,GSW,2020.0,120.0,92.0,1.0,-1.0,0.0,-1.0
40,2019-10-28,ATL,PHI,2020.0,103.0,105.0,6.5,-6.5,2.0,2.0
41,2019-10-28,DET,IND,2020.0,96.0,94.0,2.0,-2.0,-1.0,-2.0
42,2019-10-28,HOU,OKC,2020.0,116.0,112.0,-10.0,10.0,-2.0,1.0
43,2019-10-28,LAC,CHA,2020.0,111.0,96.0,-15.5,15.5,1.0,-1.0
44,2019-10-28,MIL,CLE,2020.0,129.0,112.0,-15.5,15.5,0.0,2.0
45,2019-10-28,NOP,GSW,2020.0,123.0,134.0,-2.5,2.5,-1.0,-2.0
46,2019-10-28,NYK,CHI,2020.0,105.0,98.0,2.0,-2.0,1.0,-1.0
47,2019-10-28,PHO,UTA,2020.0,95.0,96.0,5.0,-5.0,3.0,-1.0
48,2019-10-28,SAC,DEN,2020.0,94.0,101.0,5.0,-5.0,-3.0,0.0
49,2019-10-28,SAS,POR,2020.0,113.0,110.0,-6.0,6.0,-2.0,1.0
50,2019-10-28,TOR,ORL,2020.0,104.0,95.0,-5.0,5.0,1.0,-2.0
51,2019-10-29,DEN,DAL,2020.0,106.0,109.0,-5.0,5.0,1.0,-1.0
52,2019-10-29,LAL,MEM,2020.0,120.0,91.0,-11.5,11.5,1.0,-1.0
53,2019-10-29,MIA,ATL,2020.0,112.0,97.0,-8.5,8.5,2.0,3.0
54,2019-10-30,BOS,MIL,2020.0,116.0,105.0,3.5,-3.5,1.0,1.0
55,2019-10-30,BRK,IND,2020.0,108.0,118.0,-3.0,3.0,-3.0,-3.0
56,2019-10-30,CLE,CHI,2020.0,117.0,111.0,2.0,-2.0,1.0,-2.0
57,2019-10-30,GSW,PHO,2020.0,110.0,121.0,-5.5,5.5,-1.0,4.0
58,2019-10-30,OKC,POR,2020.0,99.0,102.0,1.5,-1.5,2.0,2.0
59,2019-10-30,ORL,NYK,2020.0,95.0,83.0,-9.5,9.5,-3.0,2.0
60,2019-10-30,PHI,MIN,2020.0,117.0,95.0,-7.0,7.0,1.0,2.0
61,2019-10-30,SAC,CHA,2020.0,111.0,118.0,-7.5,7.5,-4.0,0.0
62,2019-10-30,TOR,DET,2020.0,125.0,113.0,-9.5,9.5,2.0,0.0
63,2019-10-30,UTA,LAC,2020.0,110.0,96.0,-6.0,6.0,-2.0,0.0
64,2019-10-30,WAS,HOU,2020.0,158.0,159.0,8.0,-8.0,3.0,-3.0
65,2019-10-31,ATL,MIA,2020.0,97.0,106.0,6.5,-6.5,2.0,3.0
66,2019-10-31,LAC,SAS,2020.0,103.0,97.0,-5.0,5.0,-1.0,-3.0
67,2019-10-31,NOP,DEN,2020.0,122.0,107.0,4.0,-4.0,-2.0,0.0
68,2019-11-01,BOS,NYK,2020.0,104.0,102.0,-9.0,9.0,2.0,1.0
69,2019-11-01,BRK,HOU,2020.0,123.0,116.0,4.5,-4.5,-4.0,-4.0
70,2019-11-01,CHI,DET,2020.0,112.0,106.0,-4.0,4.0,-3.0,-1.0
71,2019-11-01,DAL,LAL,2020.0,110.0,119.0,1.0,-1.0,0.0,2.0
72,2019-11-01,GSW,SAS,2020.0,110.0,127.0,7.0,-7.0,-2.0,-4.0
73,2019-11-01,IND,CLE,2020.0,102.0,95.0,-7.0,7.0,-2.0,2.0
74,2019-11-01,ORL,MIL,2020.0,91.0,123.0,4.5,-4.5,-2.0,0.0
75,2019-11-01,SAC,UTA,2020.0,102.0,101.0,4.5,-4.5,-5.0,-1.0
76,2019-11-02,DET,BRK,2020.0,113.0,109.0,4.0,-4.0,-3.0,-3.0
77,2019-11-02,GSW,CHA,2020.0,87.0,93.0,6.0,-6.0,-3.0,1.0
78,2019-11-02,MEM,PHO,2020.0,105.0,114.0,3.0,-3.0,-2.0,5.0
79,2019-11-02,MIL,TOR,2020.0,115.0,105.0,-6.5,6.5,1.0,3.0
80,2019-11-02,OKC,NOP,2020.0,115.0,104.0,-2.5,2.5,1.0,-1.0
81,2019-11-02,ORL,DEN,2020.0,87.0,91.0,4.0,-4.0,-3.0,-1.0
82,2019-11-02,POR,PHI,2020.0,128.0,129.0,1.0,-1.0,3.0,2.0
83,2019-11-02,WAS,MIN,2020.0,109.0,131.0,-3.0,3.0,4.0,1.0
84,2019-11-03,CLE,DAL,2020.0,111.0,131.0,5.5,-5.5,2.0,-1.0
85,2019-11-03,IND,CHI,2020.0,108.0,95.0,-2.0,2.0,-2.0,-1.0
86,2019-11-03,LAC,UTA,2020.0,105.0,94.0,-4.5,4.5,-1.0,-1.0
87,2019-11-03,MIA,HOU,2020.0,129.0,100.0,3.0,-3.0,4.0,-5.0
88,2019-11-03,NYK,SAC,2020.0,92.0,113.0,1.5,-1.5,1.0,-3.0
89,2019-11-03,SAS,LAL,2020.0,96.0,103.0,1.5,-1.5,-3.0,3.0
90,2019-11-04,BRK,NOP,2020.0,135.0,125.0,-3.5,3.5,-3.0,-1.0
91,2019-11-04,GSW,POR,2020.0,127.0,118.0,12.0,-12.0,-2.0,4.0
92,2019-11-04,MEM,HOU,2020.0,100.0,107.0,6.0,-6.0,-3.0,-5.0
93,2019-11-04,MIN,MIL,2020.0,106.0,134.0,7.5,-7.5,2.0,1.0
94,2019-11-04,PHO,PHI,2020.0,114.0,109.0,-1.0,1.0,5.0,2.0
95,2019-11-04,WAS,DET,2020.0,115.0,99.0,-4.0,4.0,3.0,-1.0
96,2019-11-05,ATL,SAS,2020.0,108.0,100.0,6.0,-6.0,1.0,-3.0
97,2019-11-05,CHA,IND,2020.0,122.0,120.0,2.5,-2.5,0.0,0.0
98,2019-11-05,CHI,LAL,2020.0,112.0,118.0,7.0,-7.0,-3.0,5.0
99,2019-11-05,CLE,BOS,2020.0,113.0,119.0,6.0,-6.0,0.0,1.0
100,2019-11-05,DEN,MIA,2020.0,109.0,89.0,-5.0,5.0,-2.0,4.0
101,2019-11-05,OKC,ORL,2020.0,102.0,94.0,-2.5,2.5,1.0,-2.0
102,2019-11-06,ATL,CHI,2020.0,93.0,113.0,-1.0,1.0,1.0,-1.0
103,2019-11-06,DAL,ORL,2020.0,107.0,106.0,-7.0,7.0,1.0,-2.0
104,2019-11-06,DET,NYK,2020.0,122.0,102.0,-3.5,3.5,-1.0,-1.0
105,2019-11-06,HOU,GSW,2020.0,129.0,112.0,-16.0,16.0,-3.0,0.0
106,2019-11-06,IND,WAS,2020.0,121.0,106.0,-3.0,3.0,0.0,3.0
107,2019-11-06,LAC,MIL,2020.0,124.0,129.0,6.5,-6.5,-1.0,3.0
108,2019-11-06,MEM,MIN,2020.0,137.0,121.0,3.5,-3.5,-3.0,0.0
109,2019-11-06,TOR,SAC,2020.0,124.0,120.0,-8.0,8.0,1.0,-1.0
110,2019-11-06,UTA,PHI,2020.0,106.0,104.0,-2.5,2.5,-1.0,0.0
111,2019-11-07,CHA,BOS,2020.0,87.0,108.0,7.0,-7.0,2.0,2.0
112,2019-11-07,LAC,POR,2020.0,107.0,101.0,-5.5,5.5,1.0,2.0
113,2019-11-07,PHO,MIA,2020.0,108.0,124.0,-2.0,2.0,5.0,2.0
114,2019-11-07,SAS,OKC,2020.0,121.0,112.0,-5.0,5.0,-3.0,3.0
115,2019-11-08,ATL,SAC,2020.0,109.0,121.0,3.0,-3.0,-1.0,1.0
116,2019-11-08,DAL,NYK,2020.0,102.0,106.0,-11.0,11.0,-1.0,-1.0
117,2019-11-08,DEN,PHI,2020.0,100.0,97.0,-5.0,5.0,0.0,0.0
118,2019-11-08,IND,DET,2020.0,112.0,106.0,-6.0,6.0,2.0,-1.0
119,2019-11-08,LAL,MIA,2020.0,95.0,80.0,-8.5,8.5,3.0,3.0
120,2019-11-08,MIN,GSW,2020.0,125.0,119.0,-11.5,11.5,-2.0,-2.0
121,2019-11-08,NOP,TOR,2020.0,104.0,122.0,2.0,-2.0,-1.0,1.0
122,2019-11-08,ORL,MEM,2020.0,118.0,86.0,-7.5,7.5,0.0,-1.0
123,2019-11-08,POR,BRK,2020.0,115.0,119.0,-3.5,3.5,0.0,-1.0
124,2019-11-08,UTA,MIL,2020.0,103.0,100.0,2.0,-2.0,-3.0,1.0
125,2019-11-08,WAS,CLE,2020.0,100.0,113.0,-5.0,5.0,1.0,-1.0
126,2019-11-09,CHA,NOP,2020.0,110.0,115.0,1.5,-1.5,2.0,-3.0
127,2019-11-09,CHI,HOU,2020.0,94.0,117.0,6.5,-6.5,1.0,-1.0
128,2019-11-09,MEM,DAL,2020.0,122.0,138.0,5.5,-5.5,-3.0,-1.0
129,2019-11-09,OKC,GSW,2020.0,114.0,108.0,-12.5,12.5,1.0,0.0
130,2019-11-09,SAS,BOS,2020.0,115.0,135.0,-2.0,2.0,-1.0,2.0
131,2019-11-10,LAL,TOR,2020.0,104.0,113.0,-10.5,10.5,3.0,1.0
132,2019-11-10,MIN,DEN,2020.0,98.0,100.0,3.5,-3.5,-3.0,-2.0
133,2019-11-10,NYK,CLE,2020.0,87.0,108.0,-2.5,2.5,-1.0,1.0
134,2019-11-10,OKC,MIL,2020.0,119.0,121.0,9.0,-9.0,-1.0,1.0
135,2019-11-10,ORL,IND,2020.0,102.0,109.0,-4.5,4.5,0.0,1.0
136,2019-11-10,PHI,CHA,2020.0,114.0,106.0,-14.0,14.0,2.0,0.0
137,2019-11-10,PHO,BRK,2020.0,138.0,112.0,-3.0,3.0,3.0,1.0
138,2019-11-10,POR,ATL,2020.0,124.0,113.0,-9.0,9.0,-2.0,-3.0
139,2019-11-11,BOS,DAL,2020.0,116.0,106.0,-3.0,3.0,2.0,-1.0
140,2019-11-11,DET,MIN,2020.0,114.0,120.0,-4.0,4.0,0.0,-1.0
141,2019-11-11,GSW,UTA,2020.0,108.0,122.0,8.0,-8.0,2.0,-1.0
142,2019-11-11,LAC,TOR,2020.0,98.0,88.0,-9.5,9.5,3.0,1.0
143,2019-11-11,NOP,HOU,2020.0,116.0,122.0,7.5,-7.5,-1.0,1.0
144,2019-11-11,SAS,MEM,2020.0,109.0,113.0,-10.5,10.5,-1.0,-3.0
145,2019-11-12,CHI,NYK,2020.0,120.0,102.0,-6.5,6.5,1.0,-1.0
146,2019-11-12,DEN,ATL,2020.0,121.0,125.0,-10.5,10.5,-2.0,-3.0
147,2019-11-12,IND,OKC,2020.0,111.0,85.0,-1.5,1.5,2.0,1.0
148,2019-11-12,MIA,DET,2020.0,117.0,108.0,-9.0,9.0,1.0,0.0
149,2019-11-12,PHI,CLE,2020.0,98.0,97.0,-11.0,11.0,0.0,1.0
150,2019-11-12,PHO,LAL,2020.0,115.0,123.0,3.5,-3.5,3.0,1.0
151,2019-11-12,SAC,POR,2020.0,107.0,99.0,1.5,-1.5,3.0,-2.0
152,2019-11-12,UTA,BRK,2020.0,119.0,114.0,-6.5,6.5,-1.0,1.0
153,2019-11-13,BOS,WAS,2020.0,140.0,133.0,-7.0,7.0,2.0,-1.0
154,2019-11-13,CHA,MEM,2020.0,117.0,119.0,-2.5,2.5,0.0,-1.0
155,2019-11-13,HOU,LAC,2020.0,102.0,93.0,-2.5,2.5,1.0,5.0
156,2019-11-13,LAL,GSW,2020.0,120.0,94.0,-8.5,8.5,1.0,1.0
157,2019-11-13,MIN,SAS,2020.0,129.0,114.0,-1.5,1.5,-1.0,-3.0
158,2019-11-13,ORL,PHI,2020.0,112.0,97.0,-2.5,2.5,0.0,-1.0
159,2019-11-13,POR,TOR,2020.0,106.0,114.0,-2.5,2.5,-3.0,-1.0
160,2019-11-14,CLE,MIA,2020.0,97.0,108.0,4.5,-4.5,2.0,0.0
161,2019-11-14,DEN,BRK,2020.0,101.0,93.0,-7.5,7.5,-2.0,1.0
162,2019-11-14,MIL,CHI,2020.0,124.0,115.0,-11.5,11.5,-1.0,1.0
163,2019-11-14,NOP,LAC,2020.0,132.0,127.0,4.0,-4.0,-1.0,3.0
164,2019-11-14,NYK,DAL,2020.0,106.0,103.0,7.5,-7.5,-3.0,-1.0
165,2019-11-14,PHO,ATL,2020.0,128.0,112.0,-8.0,8.0,1.0,-1.0
166,2019-11-15,CHA,DET,2020.0,109.0,106.0,3.5,-3.5,-1.0,-1.0
167,2019-11-15,GSW,BOS,2020.0,100.0,105.0,7.0,-7.0,-1.0,3.0
168,2019-11-15,HOU,IND,2020.0,111.0,102.0,-6.0,6.0,3.0,2.0
169,2019-11-15,LAL,SAC,2020.0,99.0,97.0,-10.5,10.5,1.0,5.0
170,2019-11-15,MEM,UTA,2020.0,107.0,106.0,7.5,-7.5,1.0,-1.0
171,2019-11-15,MIN,WAS,2020.0,116.0,137.0,-5.5,5.5,1.0,-2.0
172,2019-11-15,OKC,PHI,2020.0,127.0,119.0,3.5,-3.5,-1.0,-1.0
173,2019-11-15,ORL,SAS,2020.0,111.0,109.0,-2.5,2.5,1.0,-3.0
174,2019-11-16,CHI,BRK,2020.0,111.0,117.0,-4.0,4.0,3.0,1.0
175,2019-11-16,DAL,TOR,2020.0,110.0,102.0,-4.5,4.5,-3.0,1.0
176,2019-11-16,IND,MIL,2020.0,83.0,102.0,7.5,-7.5,2.0,-3.0
177,2019-11-16,LAC,ATL,2020.0,150.0,101.0,-9.0,9.0,1.0,-3.0
178,2019-11-16,MIA,NOP,2020.0,109.0,94.0,-8.0,8.0,0.0,1.0
179,2019-11-16,MIN,HOU,2020.0,105.0,125.0,-2.5,2.5,1.0,3.0
180,2019-11-16,NYK,CHA,2020.0,102.0,103.0,-4.0,4.0,-1.0,-1.0
181,2019-11-16,SAS,POR,2020.0,116.0,121.0,-1.5,1.5,-1.0,-3.0
182,2019-11-17,CLE,PHI,2020.0,95.0,114.0,7.0,-7.0,2.0,-3.0
183,2019-11-17,LAL,ATL,2020.0,122.0,101.0,-14.5,14.5,1.0,-3.0
184,2019-11-17,MEM,DEN,2020.0,114.0,131.0,6.5,-6.5,1.0,-1.0
185,2019-11-17,NOP,GSW,2020.0,108.0,100.0,-4.0,4.0,1.0,1.0
186,2019-11-17,ORL,WAS,2020.0,125.0,121.0,-6.0,6.0,1.0,0.0
187,2019-11-17,SAC,BOS,2020.0,100.0,99.0,3.0,-3.0,5.0,2.0
188,2019-11-18,BRK,IND,2020.0,86.0,115.0,-2.5,2.5,1.0,0.0
189,2019-11-18,CHI,MIL,2020.0,101.0,115.0,8.5,-8.5,1.0,-3.0
190,2019-11-18,DAL,SAS,2020.0,117.0,110.0,-4.5,4.5,-1.0,-3.0
191,2019-11-18,HOU,POR,2020.0,132.0,108.0,-7.5,7.5,3.0,-1.0
192,2019-11-18,LAC,OKC,2020.0,90.0,88.0,-7.5,7.5,1.0,-1.0
193,2019-11-18,NYK,CLE,2020.0,123.0,105.0,-5.5,5.5,-1.0,1.0
194,2019-11-18,PHO,BOS,2020.0,85.0,99.0,-2.5,2.5,1.0,0.0
195,2019-11-18,TOR,CHA,2020.0,132.0,96.0,-8.5,8.5,1.0,1.0
196,2019-11-18,UTA,MIN,2020.0,102.0,112.0,-9.5,9.5,-1.0,1.0
197,2019-11-19,LAL,OKC,2020.0,112.0,107.0,-11.0,11.0,1.0,1.0
198,2019-11-19,MEM,GSW,2020.0,95.0,114.0,-6.5,6.5,1.0,-1.0
199,2019-11-19,NOP,POR,2020.0,115.0,104.0,-3.0,3.0,3.0,-1.0
200,2019-11-19,SAC,PHO,2020.0,120.0,116.0,-3.0,3.0,5.0,-1.0
201,2019-11-20,ATL,MIL,2020.0,127.0,135.0,11.0,-11.0,-3.0,-1.0
202,2019-11-20,BRK,CHA,2020.0,101.0,91.0,-4.5,4.5,-1.0,1.0
203,2019-11-20,CHI,DET,2020.0,109.0,89.0,1.0,-1.0,-1.0,-1.0
204,2019-11-20,DAL,GSW,2020.0,142.0,94.0,-14.5,14.5,1.0,-1.0
205,2019-11-20,DEN,HOU,2020.0,105.0,95.0,-1.0,1.0,-1.0,3.0
206,2019-11-20,LAC,BOS,2020.0,107.0,104.0,-7.5,7.5,-1.0,0.0
207,2019-11-20,MIA,CLE,2020.0,124.0,100.0,-9.5,9.5,2.0,-1.0
208,2019-11-20,MIN,UTA,2020.0,95.0,103.0,3.0,-3.0,1.0,-1.0
209,2019-11-20,PHI,NYK,2020.0,109.0,104.0,-12.5,12.5,-3.0,-1.0
210,2019-11-20,TOR,ORL,2020.0,113.0,97.0,-3.0,3.0,1.0,-1.0
211,2019-11-20,WAS,SAS,2020.0,138.0,132.0,2.0,-2.0,0.0,-3.0
212,2019-11-21,MIL,POR,2020.0,137.0,129.0,-14.0,14.0,-1.0,-3.0
213,2019-11-21,PHO,NOP,2020.0,121.0,124.0,-3.0,3.0,-1.0,3.0
214,2019-11-22,BRK,SAC,2020.0,116.0,97.0,-2.0,2.0,1.0,5.0
215,2019-11-22,CHI,MIA,2020.0,108.0,116.0,4.5,-4.5,1.0,2.0
216,2019-11-22,DAL,CLE,2020.0,143.0,101.0,-10.0,10.0,1.0,-3.0
217,2019-11-22,DEN,BOS,2020.0,96.0,92.0,-5.0,5.0,1.0,0.0
218,2019-11-22,DET,ATL,2020.0,128.0,103.0,-6.5,6.5,-3.0,-1.0
219,2019-11-22,LAC,HOU,2020.0,122.0,119.0,-5.5,5.5,-3.0,3.0
220,2019-11-22,OKC,LAL,2020.0,127.0,130.0,4.5,-4.5,3.0,1.0
221,2019-11-22,PHI,SAS,2020.0,115.0,104.0,-7.0,7.0,-3.0,-3.0
222,2019-11-22,UTA,GSW,2020.0,113.0,109.0,-16.0,16.0,-1.0,-1.0
223,2019-11-22,WAS,CHA,2020.0,125.0,118.0,-6.0,6.0,2.0,-1.0
224,2019-11-23,ATL,TOR,2020.0,116.0,119.0,7.0,-7.0,-3.0,1.0
225,2019-11-23,CHA,CHI,2020.0,115.0,116.0,2.0,-2.0,-1.0,-1.0
226,2019-11-23,CLE,POR,2020.0,110.0,104.0,6.5,-6.5,-5.0,-1.0
227,2019-11-23,IND,ORL,2020.0,111.0,106.0,-6.5,6.5,1.0,-3.0
228,2019-11-23,MEM,LAL,2020.0,108.0,109.0,8.0,-8.0,1.0,-1.0
229,2019-11-23,MIL,DET,2020.0,104.0,90.0,-13.0,13.0,-1.0,-2.0
230,2019-11-23,MIN,PHO,2020.0,98.0,100.0,-4.5,4.5,-1.0,-3.0
231,2019-11-23,NYK,SAS,2020.0,104.0,111.0,3.0,-3.0,1.0,-3.0
232,2019-11-23,PHI,MIA,2020.0,113.0,86.0,-5.5,5.5,-1.0,4.0
233,2019-11-23,UTA,NOP,2020.0,128.0,120.0,-5.5,5.5,-3.0,3.0
234,2019-11-24,DEN,PHO,2020.0,116.0,104.0,-11.0,11.0,1.0,-1.0
235,2019-11-24,HOU,DAL,2020.0,123.0,137.0,-5.5,5.5,3.0,3.0
236,2019-11-24,LAC,NOP,2020.0,134.0,109.0,-13.0,13.0,-3.0,1.0
237,2019-11-24,NYK,BRK,2020.0,101.0,103.0,2.5,-2.5,1.0,1.0
238,2019-11-24,WAS,SAC,2020.0,106.0,113.0,-2.5,2.5,4.0,3.0
239,2019-11-25,ATL,MIN,2020.0,113.0,125.0,4.5,-4.5,-1.0,-3.0
240,2019-11-25,BOS,SAC,2020.0,103.0,102.0,-6.0,6.0,1.0,3.0
241,2019-11-25,CHI,POR,2020.0,94.0,117.0,1.0,-1.0,-3.0,-1.0
242,2019-11-25,CLE,BRK,2020.0,106.0,108.0,-1.0,1.0,-3.0,1.0
243,2019-11-25,DET,ORL,2020.0,103.0,88.0,-4.5,4.5,-2.0,-1.0
244,2019-11-25,GSW,OKC,2020.0,97.0,100.0,7.5,-7.5,1.0,3.0
245,2019-11-25,IND,MEM,2020.0,126.0,114.0,-10.0,10.0,-1.0,1.0
246,2019-11-25,MIA,CHA,2020.0,117.0,100.0,-10.5,10.5,3.0,-1.0
247,2019-11-25,MIL,UTA,2020.0,122.0,118.0,-9.0,9.0,1.0,-1.0
248,2019-11-25,SAS,LAL,2020.0,104.0,114.0,4.5,-4.5,-3.0,-3.0
249,2019-11-25,TOR,PHI,2020.0,101.0,96.0,1.5,-1.5,1.0,1.0
250,2019-11-26,DAL,LAC,2020.0,99.0,114.0,1.5,-1.5,5.0,-1.0
251,2019-11-26,DEN,WAS,2020.0,117.0,104.0,-10.5,10.5,3.0,3.0
252,2019-11-27,BOS,BRK,2020.0,121.0,110.0,-8.5,8.5,1.0,1.0
253,2019-11-27,CHA,DET,2020.0,102.0,101.0,4.0,-4.0,-3.0,-1.0
254,2019-11-27,CLE,ORL,2020.0,104.0,116.0,-1.0,1.0,-3.0,-3.0
255,2019-11-27,GSW,CHI,2020.0,104.0,90.0,2.0,-2.0,1.0,-3.0
256,2019-11-27,HOU,MIA,2020.0,117.0,108.0,-7.0,7.0,1.0,3.0
257,2019-11-27,IND,UTA,2020.0,121.0,102.0,-1.0,1.0,-1.0,1.0
258,2019-11-27,MEM,LAC,2020.0,119.0,121.0,6.0,-6.0,-1.0,-1.0
259,2019-11-27,MIL,ATL,2020.0,111.0,102.0,-14.5,14.5,-1.0,-1.0
260,2019-11-27,NOP,LAL,2020.0,110.0,114.0,6.5,-6.5,1.0,-1.0
261,2019-11-27,PHI,SAC,2020.0,97.0,91.0,-9.5,9.5,1.0,3.0
262,2019-11-27,PHO,WAS,2020.0,132.0,140.0,-6.5,6.5,-3.0,1.0
263,2019-11-27,POR,OKC,2020.0,136.0,119.0,-2.5,2.5,-1.0,3.0
264,2019-11-27,SAS,MIN,2020.0,101.0,113.0,-3.0,3.0,-3.0,-1.0
265,2019-11-27,TOR,NYK,2020.0,126.0,98.0,-9.5,9.5,1.0,1.0
266,2019-11-29,BRK,BOS,2020.0,112.0,107.0,4.5,-4.5,1.0,3.0
267,2019-11-29,CLE,MIL,2020.0,110.0,119.0,11.5,-11.5,-3.0,-3.0
268,2019-11-29,DET,CHA,2020.0,107.0,110.0,-8.0,8.0,-1.0,-1.0
269,2019-11-29,IND,ATL,2020.0,105.0,104.0,-11.0,11.0,1.0,1.0
270,2019-11-29,LAL,WAS,2020.0,125.0,103.0,-11.5,11.5,-3.0,1.0
271,2019-11-29,MEM,UTA,2020.0,94.0,103.0,7.0,-7.0,-1.0,1.0
272,2019-11-29,MIA,GSW,2020.0,122.0,105.0,-11.5,11.5,1.0,3.0
273,2019-11-29,NYK,PHI,2020.0,95.0,101.0,6.5,-6.5,1.0,-1.0
274,2019-11-29,OKC,NOP,2020.0,109.0,104.0,-4.5,4.5,1.0,1.0
275,2019-11-29,ORL,TOR,2020.0,83.0,90.0,3.0,-3.0,-1.0,3.0
276,2019-11-29,PHO,DAL,2020.0,113.0,120.0,2.0,-2.0,-3.0,3.0
277,2019-11-29,POR,CHI,2020.0,107.0,103.0,-7.0,7.0,1.0,-3.0
278,2019-11-29,SAS,LAC,2020.0,107.0,97.0,5.0,-5.0,-3.0,-1.0
279,2019-11-30,HOU,ATL,2020.0,158.0,111.0,-14.0,14.0,1.0,1.0
280,2019-11-30,MIL,CHA,2020.0,137.0,96.0,-14.0,14.0,-3.0,1.0
281,2019-11-30,PHI,IND,2020.0,119.0,116.0,-6.5,6.5,-1.0,1.0
282,2019-11-30,SAC,DEN,2020.0,100.0,97.0,4.0,-4.0,3.0,3.0
283,2019-12-01,BRK,MIA,2020.0,106.0,109.0,4.5,-4.5,1.0,1.0
284,2019-12-01,DET,SAS,2020.0,132.0,98.0,-2.5,2.5,-1.0,-1.0
285,2019-12-01,LAC,WAS,2020.0,150.0,125.0,-12.5,12.5,-1.0,-1.0
286,2019-12-01,LAL,DAL,2020.0,100.0,114.0,-6.5,6.5,-1.0,3.0
287,2019-12-01,MIN,MEM,2020.0,107.0,115.0,-12.0,12.0,1.0,-1.0
288,2019-12-01,NOP,OKC,2020.0,104.0,107.0,-2.5,2.5,-1.0,1.0
289,2019-12-01,NYK,BOS,2020.0,104.0,113.0,7.5,-7.5,1.0,1.0
290,2019-12-01,ORL,GSW,2020.0,100.0,96.0,-8.0,8.0,-1.0,1.0
291,2019-12-01,TOR,UTA,2020.0,130.0,110.0,-2.0,2.0,3.0,1.0
292,2019-12-02,ATL,GSW,2020.0,104.0,79.0,-6.5,6.5,1.0,3.0
293,2019-12-02,CHA,PHO,2020.0,104.0,109.0,4.0,-4.0,1.0,-3.0
294,2019-12-02,MEM,IND,2020.0,104.0,117.0,9.5,-9.5,1.0,1.0
295,2019-12-02,MIL,NYK,2020.0,132.0,88.0,-17.0,17.0,-1.0,-1.0
296,2019-12-02,PHI,UTA,2020.0,103.0,94.0,-5.0,5.0,-3.0,1.0
297,2019-12-02,SAC,CHI,2020.0,106.0,113.0,-4.5,4.5,3.0,-3.0
298,2019-12-03,CLE,DET,2020.0,94.0,127.0,3.5,-3.5,-1.0,-1.0
299,2019-12-03,DEN,LAL,2020.0,96.0,105.0,-2.5,2.5,1.0,-1.0
300,2019-12-03,LAC,POR,2020.0,117.0,97.0,-9.0,9.0,1.0,1.0
301,2019-12-03,NOP,DAL,2020.0,97.0,118.0,4.5,-4.5,-3.0,3.0
302,2019-12-03,SAS,HOU,2020.0,135.0,133.0,7.0,-7.0,-1.0,1.0
303,2019-12-03,TOR,MIA,2020.0,110.0,121.0,-5.5,5.5,3.0,-1.0
304,2019-12-03,WAS,ORL,2020.0,120.0,127.0,-1.0,1.0,-3.0,-1.0
305,2019-12-04,ATL,BRK,2020.0,118.0,130.0,3.0,-3.0,1.0,1.0
306,2019-12-04,BOS,MIA,2020.0,112.0,93.0,-5.5,5.5,1.0,1.0
307,2019-12-04,CHA,GSW,2020.0,106.0,91.0,-2.5,2.5,-1.0,1.0
308,2019-12-04,CHI,MEM,2020.0,106.0,99.0,-6.5,6.5,-1.0,-1.0
309,2019-12-04,DAL,MIN,2020.0,121.0,114.0,-5.5,5.5,3.0,-1.0
310,2019-12-04,DET,MIL,2020.0,103.0,127.0,9.0,-9.0,1.0,-1.0
311,2019-12-04,OKC,IND,2020.0,100.0,107.0,1.0,-1.0,1.0,3.0
312,2019-12-04,ORL,PHO,2020.0,128.0,114.0,1.5,-1.5,-1.0,-1.0
313,2019-12-04,POR,SAC,2020.0,127.0,116.0,-5.0,5.0,-1.0,3.0
314,2019-12-04,UTA,LAL,2020.0,96.0,121.0,-2.0,2.0,-1.0,1.0
315,2019-12-05,NOP,PHO,2020.0,132.0,139.0,-4.5,4.5,-3.0,-3.0
316,2019-12-05,NYK,DEN,2020.0,92.0,129.0,8.5,-8.5,-1.0,-1.0
317,2019-12-05,TOR,HOU,2020.0,109.0,119.0,-2.0,2.0,3.0,1.0
318,2019-12-05,WAS,PHI,2020.0,119.0,113.0,8.0,-8.0,-3.0,-3.0
319,2019-12-06,BOS,DEN,2020.0,108.0,95.0,-3.5,3.5,1.0,1.0
320,2019-12-06,CHA,BRK,2020.0,104.0,111.0,3.0,-3.0,1.0,3.0
321,2019-12-06,CHI,GSW,2020.0,98.0,100.0,-4.5,4.5,1.0,-1.0
322,2019-12-06,CLE,ORL,2020.0,87.0,93.0,5.0,-5.0,-1.0,1.0
323,2019-12-06,DET,IND,2020.0,108.0,101.0,1.5,-1.5,-1.0,3.0
324,2019-12-06,MIA,WAS,2020.0,112.0,103.0,-9.5,9.5,-1.0,-1.0
325,2019-12-06,MIL,LAC,2020.0,119.0,91.0,-4.5,4.5,1.0,1.0
326,2019-12-06,OKC,MIN,2020.0,139.0,127.0,-3.5,3.5,-1.0,-1.0
327,2019-12-06,POR,LAL,2020.0,113.0,136.0,4.5,-4.5,1.0,1.0
328,2019-12-06,SAS,SAC,2020.0,105.0,104.0,-4.0,4.0,-1.0,1.0
329,2019-12-07,DAL,NOP,2020.0,130.0,84.0,-9.0,9.0,3.0,-3.0
330,2019-12-07,HOU,PHO,2020.0,115.0,109.0,-11.5,11.5,1.0,-1.0
331,2019-12-07,NYK,IND,2020.0,103.0,104.0,5.5,-5.5,-3.0,1.0
332,2019-12-07,PHI,CLE,2020.0,141.0,94.0,-10.5,10.5,-3.0,-3.0
333,2019-12-07,UTA,MEM,2020.0,126.0,112.0,-11.5,11.5,-3.0,-1.0
334,2019-12-08,BRK,DEN,2020.0,105.0,102.0,4.5,-4.5,3.0,-1.0
335,2019-12-08,CHA,ATL,2020.0,107.0,122.0,-2.0,2.0,-1.0,1.0
336,2019-12-08,DAL,SAC,2020.0,106.0,110.0,-8.5,8.5,5.0,1.0
337,2019-12-08,LAL,MIN,2020.0,142.0,125.0,-9.5,9.5,3.0,-1.0
338,2019-12-08,MIA,CHI,2020.0,110.0,105.0,-7.0,7.0,-1.0,1.0
339,2019-12-08,PHI,TOR,2020.0,110.0,104.0,-3.0,3.0,-1.0,1.0
340,2019-12-08,POR,OKC,2020.0,96.0,108.0,-3.5,3.5,-1.0,1.0
341,2019-12-08,WAS,LAC,2020.0,119.0,135.0,9.0,-9.0,-1.0,-1.0
342,2019-12-09,BOS,CLE,2020.0,110.0,88.0,-13.5,13.5,3.0,-3.0
343,2019-12-09,CHI,TOR,2020.0,92.0,93.0,6.0,-6.0,3.0,-1.0
344,2019-12-09,GSW,MEM,2020.0,102.0,110.0,-3.0,3.0,-1.0,-3.0
345,2019-12-09,HOU,SAC,2020.0,118.0,119.0,-12.0,12.0,1.0,1.0
346,2019-12-09,IND,LAC,2020.0,99.0,110.0,-3.0,3.0,1.0,1.0
347,2019-12-09,MIL,ORL,2020.0,110.0,101.0,-13.0,13.0,3.0,1.0
348,2019-12-09,NOP,DET,2020.0,103.0,105.0,0.0,0.0,-5.0,1.0
349,2019-12-09,PHO,MIN,2020.0,125.0,109.0,-3.5,3.5,1.0,-3.0
350,2019-12-09,UTA,OKC,2020.0,90.0,104.0,-8.5,8.5,-1.0,3.0
351,2019-12-10,CHA,WAS,2020.0,114.0,107.0,2.0,-2.0,-3.0,-1.0
352,2019-12-10,MIA,ATL,2020.0,135.0,121.0,-8.0,8.0,-3.0,1.0
353,2019-12-10,PHI,DEN,2020.0,97.0,92.0,-5.5,5.5,1.0,-3.0
354,2019-12-10,POR,NYK,2020.0,115.0,87.0,-9.0,9.0,-3.0,-1.0
355,2019-12-11,BRK,CHA,2020.0,108.0,113.0,-10.0,10.0,5.0,-1.0
356,2019-12-11,CHI,ATL,2020.0,136.0,102.0,-6.5,6.5,3.0,-1.0
357,2019-12-11,CLE,HOU,2020.0,110.0,116.0,11.5,-11.5,-3.0,-1.0
358,2019-12-11,GSW,NYK,2020.0,122.0,124.0,-5.0,5.0,-1.0,-3.0
359,2019-12-11,IND,BOS,2020.0,122.0,117.0,-1.5,1.5,-1.0,3.0
360,2019-12-11,MIL,NOP,2020.0,127.0,112.0,-9.5,9.5,3.0,-5.0
361,2019-12-11,MIN,UTA,2020.0,116.0,127.0,-1.0,1.0,-5.0,-3.0
362,2019-12-11,ORL,LAL,2020.0,87.0,96.0,8.5,-8.5,3.0,3.0
363,2019-12-11,PHO,MEM,2020.0,108.0,115.0,-7.0,7.0,3.0,-1.0
364,2019-12-11,SAC,OKC,2020.0,94.0,93.0,-2.0,2.0,1.0,3.0
365,2019-12-11,TOR,LAC,2020.0,92.0,112.0,3.0,-3.0,-3.0,3.0
366,2019-12-12,BOS,PHI,2020.0,109.0,115.0,-1.0,1.0,3.0,1.0
367,2019-12-12,DEN,POR,2020.0,114.0,99.0,-7.5,7.5,-1.0,-1.0
368,2019-12-12,DET,DAL,2020.0,111.0,122.0,5.5,-5.5,3.0,3.0
369,2019-12-12,SAS,CLE,2020.0,109.0,117.0,-11.5,11.5,-1.0,-3.0
370,2019-12-13,ATL,IND,2020.0,100.0,110.0,6.0,-6.0,-1.0,-1.0
371,2019-12-13,CHI,CHA,2020.0,73.0,83.0,-7.0,7.0,3.0,1.0
372,2019-12-13,MEM,MIL,2020.0,114.0,127.0,12.5,-12.5,-1.0,3.0
373,2019-12-13,MIA,LAL,2020.0,110.0,113.0,5.5,-5.5,-1.0,5.0
374,2019-12-13,MIN,LAC,2020.0,117.0,124.0,4.5,-4.5,-5.0,3.0
375,2019-12-13,ORL,HOU,2020.0,107.0,130.0,6.5,-6.5,3.0,-3.0
376,2019-12-13,PHI,NOP,2020.0,116.0,109.0,-7.5,7.5,1.0,-5.0
377,2019-12-13,SAC,NYK,2020.0,101.0,103.0,-8.5,8.5,1.0,-1.0
378,2019-12-13,UTA,GSW,2020.0,114.0,106.0,-13.5,13.5,-1.0,-3.0
379,2019-12-14,CHI,LAC,2020.0,109.0,106.0,3.5,-3.5,1.0,3.0
380,2019-12-14,DAL,MIA,2020.0,118.0,122.0,-8.5,8.5,3.0,-1.0
381,2019-12-14,DEN,OKC,2020.0,110.0,102.0,-5.5,5.5,1.0,3.0
382,2019-12-14,HOU,DET,2020.0,107.0,115.0,-7.5,7.5,-1.0,1.0
383,2019-12-14,MEM,WAS,2020.0,128.0,111.0,-1.5,1.5,-1.0,-1.0
384,2019-12-14,MIL,CLE,2020.0,125.0,108.0,-14.5,14.5,3.0,-1.0
385,2019-12-14,PHO,SAS,2020.0,119.0,121.0,2.0,-2.0,1.0,-1.0
386,2019-12-14,TOR,BRK,2020.0,110.0,102.0,-7.0,7.0,-5.0,3.0
387,2019-12-15,ATL,LAL,2020.0,96.0,101.0,12.0,-12.0,-3.0,3.0
388,2019-12-15,BRK,PHI,2020.0,109.0,89.0,4.0,-4.0,1.0,1.0
389,2019-12-15,DEN,NYK,2020.0,111.0,105.0,-10.0,10.0,1.0,1.0
390,2019-12-15,GSW,SAC,2020.0,79.0,100.0,4.5,-4.5,-1.0,1.0
391,2019-12-15,IND,CHA,2020.0,107.0,85.0,-11.5,11.5,-1.0,1.0
392,2019-12-15,NOP,ORL,2020.0,119.0,130.0,0.0,0.0,-3.0,1.0
393,2019-12-16,DET,WAS,2020.0,119.0,133.0,-2.5,2.5,1.0,-1.0
394,2019-12-16,HOU,SAS,2020.0,109.0,107.0,-10.0,10.0,-3.0,-2.0
395,2019-12-16,MEM,MIA,2020.0,118.0,111.0,3.0,-3.0,1.0,1.0
396,2019-12-16,MIL,DAL,2020.0,116.0,120.0,-10.5,10.5,3.0,1.0
397,2019-12-16,OKC,CHI,2020.0,109.0,106.0,-5.5,5.5,3.0,3.0
398,2019-12-16,PHO,POR,2020.0,110.0,111.0,2.5,-2.5,2.0,-1.0
399,2019-12-16,TOR,CLE,2020.0,133.0,113.0,-12.5,12.5,-3.0,-1.0
400,2019-12-17,CHA,SAC,2020.0,110.0,102.0,5.0,-5.0,1.0,1.0
401,2019-12-17,IND,LAL,2020.0,105.0,102.0,1.0,-1.0,1.0,1.0
402,2019-12-17,LAC,PHO,2020.0,120.0,99.0,-14.0,14.0,3.0,2.0
403,2019-12-17,NOP,BRK,2020.0,101.0,108.0,2.0,-2.0,-3.0,1.0
404,2019-12-17,NYK,ATL,2020.0,143.0,120.0,-2.0,2.0,3.0,-1.0
405,2019-12-17,UTA,ORL,2020.0,109.0,102.0,-6.5,6.5,-1.0,1.0
406,2019-12-18,CLE,CHA,2020.0,100.0,98.0,-3.0,3.0,-1.0,3.0
407,2019-12-18,DAL,BOS,2020.0,103.0,109.0,1.5,-1.5,1.0,1.0
408,2019-12-18,DEN,ORL,2020.0,113.0,104.0,-9.0,9.0,1.0,-1.0
409,2019-12-18,DET,TOR,2020.0,99.0,112.0,2.0,-2.0,1.0,-1.0
410,2019-12-18,MIN,NOP,2020.0,99.0,107.0,-3.5,3.5,-5.0,-3.0
411,2019-12-18,OKC,MEM,2020.0,126.0,122.0,-6.5,6.5,1.0,3.0
412,2019-12-18,PHI,MIA,2020.0,104.0,108.0,-8.0,8.0,-1.0,1.0
413,2019-12-18,POR,GSW,2020.0,122.0,112.0,-9.0,9.0,-3.0,-1.0
414,2019-12-18,WAS,CHI,2020.0,109.0,110.0,-1.0,1.0,-1.0,3.0
415,2019-12-19,ATL,UTA,2020.0,106.0,111.0,6.5,-6.5,-3.0,1.0
416,2019-12-19,LAC,HOU,2020.0,117.0,122.0,-5.0,5.0,3.0,-3.0
417,2019-12-19,MIL,LAL,2020.0,111.0,104.0,-3.5,3.5,1.0,-1.0
418,2019-12-19,SAS,BRK,2020.0,118.0,105.0,-4.0,4.0,0.0,1.0
419,2019-12-20,BOS,DET,2020.0,114.0,93.0,-9.0,9.0,1.0,-1.0
420,2019-12-20,CLE,MEM,2020.0,114.0,107.0,2.5,-2.5,-1.0,3.0
421,2019-12-20,DEN,MIN,2020.0,109.0,100.0,-10.5,10.5,2.0,-5.0
422,2019-12-20,GSW,NOP,2020.0,106.0,102.0,2.0,-2.0,-3.0,-1.0
423,2019-12-20,IND,SAC,2020.0,119.0,105.0,-5.0,5.0,3.0,-1.0
424,2019-12-20,MIA,NYK,2020.0,129.0,114.0,-9.0,9.0,3.0,3.0
425,2019-12-20,OKC,PHO,2020.0,126.0,108.0,-3.0,3.0,-1.0,0.0
426,2019-12-20,PHI,DAL,2020.0,98.0,117.0,-8.5,8.5,-3.0,-1.0
427,2019-12-20,POR,ORL,2020.0,118.0,103.0,-3.5,3.5,-1.0,-2.0
428,2019-12-20,TOR,WAS,2020.0,122.0,118.0,-6.5,6.5,1.0,-3.0
429,2019-12-21,BRK,ATL,2020.0,122.0,112.0,-7.5,7.5,-1.0,-1.0
430,2019-12-21,CHA,UTA,2020.0,107.0,114.0,7.0,-7.0,3.0,-1.0
431,2019-12-21,DET,CHI,2020.0,107.0,119.0,1.5,-1.5,-3.0,3.0
432,2019-12-21,MEM,SAC,2020.0,119.0,115.0,2.0,-2.0,1.0,-3.0
433,2019-12-21,NYK,MIL,2020.0,102.0,123.0,12.5,-12.5,3.0,3.0
434,2019-12-21,PHI,WAS,2020.0,125.0,108.0,-12.5,12.5,-3.0,-1.0
435,2019-12-21,PHO,HOU,2020.0,125.0,139.0,9.0,-9.0,-2.0,-1.0
436,2019-12-21,POR,MIN,2020.0,113.0,106.0,-7.0,7.0,1.0,-3.0
437,2019-12-21,SAS,LAC,2020.0,109.0,134.0,7.0,-7.0,0.0,1.0
438,2019-12-22,BOS,CHA,2020.0,119.0,93.0,-12.5,12.5,1.0,2.0
439,2019-12-22,LAL,DEN,2020.0,104.0,128.0,-2.5,2.5,-3.0,0.0
440,2019-12-22,MIL,IND,2020.0,117.0,89.0,-8.0,8.0,3.0,5.0
441,2019-12-22,OKC,LAC,2020.0,118.0,112.0,-1.0,1.0,-1.0,1.0
442,2019-12-22,TOR,DAL,2020.0,110.0,107.0,-1.5,1.5,1.0,1.0
443,2019-12-23,CLE,ATL,2020.0,121.0,118.0,2.0,-2.0,-1.0,-1.0
444,2019-12-23,DET,PHI,2020.0,109.0,125.0,6.5,-6.5,-3.0,-3.0
445,2019-12-23,GSW,MIN,2020.0,113.0,104.0,-1.0,1.0,-1.0,-2.0
446,2019-12-23,IND,TOR,2020.0,120.0,115.0,-5.5,5.5,3.0,3.0
447,2019-12-23,MEM,SAS,2020.0,115.0,145.0,1.0,-1.0,3.0,0.0
448,2019-12-23,MIA,UTA,2020.0,107.0,104.0,-4.5,4.5,3.0,0.0
449,2019-12-23,NYK,WAS,2020.0,115.0,121.0,-3.5,3.5,1.0,-1.0
450,2019-12-23,ORL,CHI,2020.0,103.0,95.0,-5.0,5.0,-2.0,3.0
451,2019-12-23,PHO,DEN,2020.0,111.0,113.0,2.5,-2.5,-2.0,0.0
452,2019-12-23,POR,NOP,2020.0,94.0,102.0,-5.5,5.5,0.0,-1.0
453,2019-12-23,SAC,HOU,2020.0,104.0,113.0,6.0,-6.0,-3.0,1.0
454,2019-12-25,DEN,NOP,2020.0,100.0,112.0,-9.0,9.0,-2.0,-1.0
455,2019-12-25,GSW,HOU,2020.0,116.0,104.0,11.5,-11.5,1.0,1.0
456,2019-12-25,LAL,LAC,2020.0,106.0,111.0,-2.5,2.5,-5.0,-1.0
457,2019-12-25,PHI,MIL,2020.0,121.0,109.0,3.0,-3.0,-1.0,3.0
458,2019-12-25,TOR,BOS,2020.0,102.0,118.0,4.0,-4.0,3.0,1.0
459,2019-12-26,BRK,NYK,2020.0,82.0,94.0,-7.0,7.0,1.0,-1.0
460,2019-12-26,DAL,SAS,2020.0,102.0,98.0,-8.0,8.0,-1.0,2.0
461,2019-12-26,DET,WAS,2020.0,132.0,102.0,-6.5,6.5,-5.0,1.0
462,2019-12-26,OKC,MEM,2020.0,97.0,110.0,-6.0,6.0,-1.0,1.0
463,2019-12-26,SAC,MIN,2020.0,104.0,105.0,-7.0,7.0,-3.0,-2.0
464,2019-12-26,UTA,POR,2020.0,121.0,115.0,-5.5,5.5,0.0,0.0
465,2019-12-27,ATL,MIL,2020.0,86.0,112.0,7.0,-7.0,-1.0,1.0
466,2019-12-27,BOS,CLE,2020.0,129.0,117.0,-14.0,14.0,3.0,-1.0
467,2019-12-27,CHA,OKC,2020.0,102.0,104.0,1.0,-1.0,0.0,-1.0
468,2019-12-27,GSW,PHO,2020.0,105.0,96.0,3.5,-3.5,1.0,-1.0
469,2019-12-27,MIA,IND,2020.0,113.0,112.0,-5.0,5.0,1.0,1.0
470,2019-12-27,ORL,PHI,2020.0,98.0,97.0,4.0,-4.0,0.0,1.0
471,2019-12-28,BOS,TOR,2020.0,97.0,113.0,-7.0,7.0,3.0,1.0
472,2019-12-28,CHI,ATL,2020.0,116.0,81.0,-9.5,9.5,3.0,-3.0
473,2019-12-28,DEN,MEM,2020.0,119.0,110.0,-9.0,9.0,-2.0,1.0
474,2019-12-28,GSW,DAL,2020.0,121.0,141.0,10.5,-10.5,3.0,-1.0
475,2019-12-28,HOU,BRK,2020.0,108.0,98.0,-9.0,9.0,1.0,1.0
476,2019-12-28,LAC,UTA,2020.0,107.0,120.0,-7.5,7.5,1.0,2.0
477,2019-12-28,MIA,PHI,2020.0,117.0,116.0,-1.5,1.5,-1.0,1.0
478,2019-12-28,MIL,ORL,2020.0,111.0,100.0,-6.0,6.0,3.0,0.0
479,2019-12-28,MIN,CLE,2020.0,88.0,94.0,-6.5,6.5,0.0,1.0
480,2019-12-28,NOP,IND,2020.0,120.0,98.0,-1.5,1.5,1.0,1.0
481,2019-12-28,POR,LAL,2020.0,120.0,128.0,5.0,-5.0,0.0,-5.0
482,2019-12-28,SAC,PHO,2020.0,110.0,112.0,-2.5,2.5,-5.0,-3.0
483,2019-12-28,SAS,DET,2020.0,136.0,109.0,-5.0,5.0,3.0,-3.0
484,2019-12-28,WAS,NYK,2020.0,100.0,107.0,3.5,-3.5,-1.0,-1.0
485,2019-12-29,DEN,SAC,2020.0,120.0,115.0,-7.5,7.5,-2.0,-5.0
486,2019-12-29,LAL,DAL,2020.0,108.0,95.0,-5.0,5.0,-3.0,-1.0
487,2019-12-29,MEM,CHA,2020.0,117.0,104.0,-2.5,2.5,0.0,0.0
488,2019-12-29,NOP,HOU,2020.0,127.0,112.0,-5.5,5.5,3.0,3.0
489,2019-12-29,TOR,OKC,2020.0,97.0,98.0,-5.0,5.0,1.0,1.0
490,2019-12-30,CHI,MIL,2020.0,102.0,123.0,8.5,-8.5,3.0,3.0
491,2019-12-30,MIN,BRK,2020.0,122.0,115.0,4.5,-4.5,0.0,-1.0
492,2019-12-30,ORL,ATL,2020.0,93.0,101.0,-10.5,10.5,0.0,-3.0
493,2019-12-30,POR,PHO,2020.0,116.0,122.0,-4.0,4.0,-2.0,-1.0
494,2019-12-30,UTA,DET,2020.0,104.0,81.0,-9.5,9.5,2.0,-3.0
495,2019-12-30,WAS,MIA,2020.0,123.0,105.0,11.0,-11.0,-1.0,-1.0
496,2019-12-31,CHA,BOS,2020.0,92.0,109.0,7.5,-7.5,-2.0,1.0
497,2019-12-31,HOU,DEN,2020.0,130.0,104.0,-6.0,6.0,1.0,-2.0
498,2019-12-31,IND,PHI,2020.0,115.0,97.0,-3.5,3.5,-1.0,3.0
499,2019-12-31,OKC,DAL,2020.0,106.0,101.0,3.5,-3.5,3.0,-1.0
500,2019-12-31,SAC,LAC,2020.0,87.0,105.0,6.5,-6.5,-3.0,-1.0
501,2019-12-31,SAS,GSW,2020.0,117.0,113.0,-11.0,11.0,3.0,3.0
502,2019-12-31,TOR,CLE,2020.0,117.0,97.0,-8.0,8.0,1.0,3.0
503,2020-01-01,LAL,PHO,2020.0,117.0,107.0,-11.0,11.0,-1.0,1.0
504,2020-01-01,MIL,MIN,2020.0,106.0,104.0,-18.0,18.0,3.0,0.0
505,2020-01-01,NYK,POR,2020.0,117.0,93.0,4.0,-4.0,-1.0,-4.0
506,2020-01-01,WAS,ORL,2020.0,101.0,122.0,3.0,-3.0,-1.0,-1.0
507,2020-01-02,CHI,UTA,2020.0,98.0,102.0,3.5,-3.5,1.0,4.0
508,2020-01-02,CLE,CHA,2020.0,106.0,109.0,-2.0,2.0,3.0,-4.0
509,2020-01-02,DAL,BRK,2020.0,123.0,111.0,-8.0,8.0,-3.0,-3.0
510,2020-01-02,IND,DEN,2020.0,116.0,124.0,1.0,-1.0,-1.0,-4.0
511,2020-01-02,LAC,DET,2020.0,126.0,112.0,-12.5,12.5,1.0,-3.0
512,2020-01-02,MIA,TOR,2020.0,84.0,76.0,-5.5,5.5,-3.0,1.0
513,2020-01-02,MIN,GSW,2020.0,99.0,84.0,-2.5,2.5,1.0,3.0
514,2020-01-02,SAC,MEM,2020.0,128.0,123.0,-4.5,4.5,-3.0,2.0
515,2020-01-02,SAS,OKC,2020.0,103.0,109.0,-2.5,2.5,1.0,3.0
516,2020-01-03,BOS,ATL,2020.0,109.0,106.0,-10.5,10.5,1.0,-3.0
517,2020-01-03,HOU,PHI,2020.0,118.0,108.0,-4.5,4.5,1.0,1.0
518,2020-01-03,LAL,NOP,2020.0,123.0,113.0,-10.0,10.0,-1.0,3.0
519,2020-01-03,ORL,MIA,2020.0,105.0,85.0,-1.0,1.0,1.0,-3.0
520,2020-01-03,PHO,NYK,2020.0,120.0,112.0,-7.0,7.0,3.0,1.0
521,2020-01-03,WAS,POR,2020.0,103.0,122.0,7.5,-7.5,-1.0,-5.0
522,2020-01-04,ATL,IND,2020.0,116.0,111.0,7.5,-7.5,-1.0,-1.0
523,2020-01-04,BRK,TOR,2020.0,102.0,121.0,-2.0,2.0,-3.0,-1.0
524,2020-01-04,CHI,BOS,2020.0,104.0,111.0,-1.0,1.0,-1.0,-1.0
525,2020-01-04,CLE,OKC,2020.0,106.0,121.0,6.5,-6.5,1.0,3.0
526,2020-01-04,DAL,CHA,2020.0,120.0,123.0,-11.5,11.5,-1.0,-3.0
527,2020-01-04,GSW,DET,2020.0,104.0,111.0,3.0,-3.0,1.0,-3.0
528,2020-01-04,LAC,MEM,2020.0,114.0,140.0,-10.0,10.0,1.0,0.0
529,2020-01-04,MIL,SAS,2020.0,127.0,118.0,-12.0,12.0,1.0,1.0
530,2020-01-04,ORL,UTA,2020.0,96.0,109.0,4.0,-4.0,1.0,5.0
531,2020-01-04,SAC,NOP,2020.0,115.0,117.0,-2.5,2.5,-1.0,4.0
532,2020-01-04,WAS,DEN,2020.0,128.0,114.0,13.0,-13.0,-3.0,-2.0
533,2020-01-05,CLE,MIN,2020.0,103.0,118.0,6.0,-6.0,-1.0,3.0
534,2020-01-05,LAC,NYK,2020.0,135.0,132.0,-9.5,9.5,1.0,1.0
535,2020-01-05,LAL,DET,2020.0,106.0,99.0,-14.5,14.5,0.0,-1.0
536,2020-01-05,MIA,POR,2020.0,122.0,111.0,-5.0,5.0,-3.0,-3.0
537,2020-01-05,PHO,MEM,2020.0,114.0,121.0,-7.0,7.0,3.0,2.0
538,2020-01-06,ATL,DEN,2020.0,115.0,123.0,7.5,-7.5,1.0,-2.0
539,2020-01-06,CHA,IND,2020.0,104.0,115.0,6.0,-6.0,-1.0,-1.0
540,2020-01-06,DAL,CHI,2020.0,118.0,110.0,-8.0,8.0,-1.0,-3.0
541,2020-01-06,NOP,UTA,2020.0,126.0,128.0,4.0,-4.0,4.0,5.0
542,2020-01-06,ORL,BRK,2020.0,101.0,89.0,-4.5,4.5,-1.0,-5.0
543,2020-01-06,PHI,OKC,2020.0,120.0,113.0,-7.5,7.5,-1.0,5.0
544,2020-01-06,SAC,GSW,2020.0,111.0,98.0,-10.0,10.0,-1.0,-1.0
545,2020-01-06,SAS,MIL,2020.0,126.0,104.0,8.0,-8.0,1.0,1.0
546,2020-01-06,WAS,BOS,2020.0,99.0,94.0,9.0,-9.0,-1.0,-1.0
547,2020-01-07,BRK,OKC,2020.0,103.0,111.0,-1.0,1.0,-5.0,5.0
548,2020-01-07,CLE,DET,2020.0,113.0,115.0,3.5,-3.5,-3.0,-1.0
549,2020-01-07,LAL,NYK,2020.0,117.0,87.0,-13.0,13.0,0.0,3.0
550,2020-01-07,MEM,MIN,2020.0,119.0,112.0,-4.5,4.5,2.0,3.0
551,2020-01-07,PHO,SAC,2020.0,103.0,114.0,-6.5,6.5,3.0,1.0
552,2020-01-07,TOR,POR,2020.0,99.0,101.0,-2.5,2.5,1.0,-3.0
553,2020-01-08,ATL,HOU,2020.0,115.0,122.0,8.0,-8.0,1.0,1.0
554,2020-01-08,BOS,SAS,2020.0,114.0,129.0,-7.0,7.0,-1.0,1.0
555,2020-01-08,CHA,TOR,2020.0,110.0,112.0,2.5,-2.5,-1.0,-1.0
556,2020-01-08,DAL,DEN,2020.0,106.0,107.0,-4.0,4.0,-2.0,-1.0
557,2020-01-08,GSW,MIL,2020.0,98.0,107.0,13.5,-13.5,-3.0,-1.0
558,2020-01-08,IND,MIA,2020.0,108.0,122.0,-1.0,1.0,-1.0,-1.0
559,2020-01-08,NOP,CHI,2020.0,123.0,108.0,-3.5,3.5,4.0,-2.0
560,2020-01-08,ORL,WAS,2020.0,123.0,89.0,-9.5,9.5,1.0,1.0
561,2020-01-08,UTA,NYK,2020.0,128.0,104.0,-14.0,14.0,3.0,1.0
562,2020-01-09,DET,CLE,2020.0,112.0,115.0,-7.5,7.5,-1.0,-3.0
563,2020-01-09,MIN,POR,2020.0,116.0,102.0,1.0,-1.0,3.0,-1.0
564,2020-01-09,OKC,HOU,2020.0,113.0,92.0,3.5,-3.5,5.0,1.0
565,2020-01-09,PHI,BOS,2020.0,109.0,98.0,-1.0,1.0,-3.0,-1.0
566,2020-01-10,BRK,MIA,2020.0,117.0,113.0,4.0,-4.0,-5.0,1.0
567,2020-01-10,CHI,IND,2020.0,105.0,116.0,-1.0,1.0,-4.0,-1.0
568,2020-01-10,DAL,LAL,2020.0,114.0,129.0,-2.5,2.5,-2.0,0.0
569,2020-01-10,LAC,GSW,2020.0,109.0,100.0,-14.5,14.5,-1.0,-1.0
570,2020-01-10,MEM,SAS,2020.0,134.0,121.0,1.0,-1.0,3.0,1.0
571,2020-01-10,NYK,NOP,2020.0,111.0,123.0,4.5,-4.5,-1.0,4.0
572,2020-01-10,PHO,ORL,2020.0,98.0,94.0,-4.5,4.5,1.0,3.0
573,2020-01-10,SAC,MIL,2020.0,106.0,127.0,9.5,-9.5,1.0,-3.0
574,2020-01-10,UTA,CHA,2020.0,109.0,92.0,-12.0,12.0,3.0,1.0
575,2020-01-10,WAS,ATL,2020.0,111.0,101.0,1.5,-1.5,-1.0,3.0
576,2020-01-11,BOS,NOP,2020.0,140.0,105.0,-11.5,11.5,-3.0,4.0
577,2020-01-11,DAL,PHI,2020.0,109.0,91.0,-2.5,2.5,-2.0,-1.0
578,2020-01-11,DEN,CLE,2020.0,103.0,111.0,-12.5,12.5,1.0,-1.0
579,2020-01-11,DET,CHI,2020.0,99.0,108.0,-3.5,3.5,-1.0,-4.0
580,2020-01-11,HOU,MIN,2020.0,139.0,109.0,-10.0,10.0,-1.0,3.0
581,2020-01-11,OKC,LAL,2020.0,110.0,125.0,-9.0,9.0,5.0,0.0
582,2020-01-11,POR,MIL,2020.0,101.0,122.0,7.5,-7.5,-1.0,-3.0
583,2020-01-12,BRK,ATL,2020.0,108.0,86.0,-9.0,9.0,-3.0,1.0
584,2020-01-12,DEN,LAC,2020.0,114.0,104.0,1.0,-1.0,1.0,-1.0
585,2020-01-12,MEM,GSW,2020.0,122.0,102.0,-6.5,6.5,3.0,-1.0
586,2020-01-12,NYK,MIA,2020.0,124.0,121.0,7.5,-7.5,-3.0,1.0
587,2020-01-12,PHO,CHA,2020.0,100.0,92.0,-8.5,8.5,-1.0,1.0
588,2020-01-12,TOR,SAS,2020.0,104.0,105.0,-5.0,5.0,-1.0,1.0
589,2020-01-12,WAS,UTA,2020.0,116.0,127.0,6.0,-6.0,1.0,3.0
590,2020-01-13,BOS,CHI,2020.0,113.0,101.0,-9.5,9.5,-1.0,-2.0
591,2020-01-13,DET,NOP,2020.0,110.0,117.0,-5.0,5.0,-1.0,3.0
592,2020-01-13,IND,PHI,2020.0,101.0,95.0,-3.5,3.5,-1.0,-3.0
593,2020-01-13,LAL,CLE,2020.0,128.0,99.0,-14.0,14.0,2.0,1.0
594,2020-01-13,MIN,OKC,2020.0,104.0,117.0,2.0,-2.0,1.0,3.0
595,2020-01-13,POR,CHA,2020.0,115.0,112.0,-9.0,9.0,-1.0,1.0
596,2020-01-13,SAC,ORL,2020.0,112.0,114.0,-1.0,1.0,1.0,3.0
597,2020-01-14,ATL,PHO,2020.0,123.0,110.0,2.5,-2.5,-1.0,-3.0
598,2020-01-14,BRK,UTA,2020.0,107.0,118.0,3.0,-3.0,-1.0,3.0
599,2020-01-14,GSW,DAL,2020.0,97.0,124.0,8.5,-8.5,-1.0,-2.0
600,2020-01-14,LAC,CLE,2020.0,128.0,103.0,-16.0,16.0,-3.0,1.0
601,2020-01-14,MEM,HOU,2020.0,121.0,110.0,4.5,-4.5,5.0,1.0
602,2020-01-14,MIL,NYK,2020.0,128.0,102.0,-16.5,16.5,-1.0,-1.0
603,2020-01-15,BOS,DET,2020.0,103.0,116.0,-9.5,9.5,-1.0,-3.0
604,2020-01-15,CHI,WAS,2020.0,115.0,106.0,-4.5,4.5,-2.0,1.0
605,2020-01-15,DEN,CHA,2020.0,100.0,86.0,-11.5,11.5,1.0,1.0
606,2020-01-15,HOU,POR,2020.0,107.0,117.0,-8.5,8.5,-1.0,-3.0
607,2020-01-15,LAL,ORL,2020.0,118.0,119.0,-10.5,10.5,3.0,3.0
608,2020-01-15,MIA,SAS,2020.0,106.0,100.0,-5.0,5.0,-1.0,3.0
609,2020-01-15,MIN,IND,2020.0,99.0,104.0,4.5,-4.5,-1.0,1.0
610,2020-01-15,OKC,TOR,2020.0,121.0,130.0,-1.0,1.0,3.0,-3.0
611,2020-01-15,PHI,BRK,2020.0,117.0,106.0,-6.5,6.5,-3.0,-1.0
612,2020-01-15,SAC,DAL,2020.0,123.0,127.0,4.0,-4.0,-1.0,0.0
613,2020-01-16,GSW,DEN,2020.0,131.0,134.0,3.5,-3.5,-1.0,3.0
614,2020-01-16,LAC,ORL,2020.0,122.0,95.0,-10.0,10.0,-3.0,5.0
615,2020-01-16,MIL,BOS,2020.0,128.0,123.0,-11.0,11.0,1.0,-1.0
616,2020-01-16,NOP,UTA,2020.0,138.0,132.0,5.5,-5.5,3.0,3.0
617,2020-01-16,NYK,PHO,2020.0,98.0,121.0,2.0,-2.0,-3.0,-5.0
618,2020-01-17,DAL,POR,2020.0,120.0,112.0,-7.5,7.5,0.0,-1.0
619,2020-01-17,IND,MIN,2020.0,116.0,114.0,-7.0,7.0,3.0,-3.0
620,2020-01-17,MEM,CLE,2020.0,113.0,109.0,-9.0,9.0,5.0,1.0
621,2020-01-17,OKC,MIA,2020.0,108.0,115.0,1.0,-1.0,1.0,1.0
622,2020-01-17,PHI,CHI,2020.0,100.0,89.0,-8.0,8.0,-1.0,-1.0
623,2020-01-17,SAS,ATL,2020.0,120.0,121.0,-8.5,8.5,1.0,-1.0
624,2020-01-17,TOR,WAS,2020.0,140.0,111.0,-10.5,10.5,-1.0,-1.0
625,2020-01-18,ATL,DET,2020.0,103.0,136.0,1.5,-1.5,1.0,-3.0
626,2020-01-18,BOS,PHO,2020.0,119.0,123.0,-4.0,4.0,1.0,-3.0
627,2020-01-18,BRK,MIL,2020.0,97.0,117.0,10.5,-10.5,-1.0,1.0
628,2020-01-18,CHI,CLE,2020.0,118.0,116.0,-7.0,7.0,-1.0,1.0
629,2020-01-18,GSW,ORL,2020.0,109.0,95.0,6.0,-6.0,1.0,3.0
630,2020-01-18,HOU,LAL,2020.0,115.0,124.0,-3.5,3.5,-3.0,3.0
631,2020-01-18,MIN,TOR,2020.0,112.0,122.0,4.0,-4.0,-1.0,-1.0
632,2020-01-18,NOP,LAC,2020.0,130.0,133.0,5.5,-5.5,3.0,-1.0
633,2020-01-18,NYK,PHI,2020.0,87.0,90.0,4.0,-4.0,-3.0,1.0
634,2020-01-18,OKC,POR,2020.0,119.0,106.0,-6.5,6.5,-1.0,-3.0
635,2020-01-18,UTA,SAC,2020.0,123.0,101.0,-9.0,9.0,3.0,0.0
636,2020-01-19,DEN,IND,2020.0,107.0,115.0,1.0,-1.0,1.0,1.0
637,2020-01-19,SAS,MIA,2020.0,107.0,102.0,1.0,-1.0,-1.0,1.0
638,2020-01-20,ATL,TOR,2020.0,117.0,122.0,9.0,-9.0,-1.0,1.0
639,2020-01-20,BOS,LAL,2020.0,139.0,107.0,2.5,-2.5,1.0,3.0
640,2020-01-20,BRK,PHI,2020.0,111.0,117.0,3.0,-3.0,-1.0,-1.0
641,2020-01-20,CHA,ORL,2020.0,83.0,106.0,3.5,-3.5,1.0,1.0
642,2020-01-20,CLE,NYK,2020.0,86.0,106.0,1.5,-1.5,1.0,-1.0
643,2020-01-20,HOU,OKC,2020.0,107.0,112.0,-7.5,7.5,-3.0,-1.0
644,2020-01-20,MEM,NOP,2020.0,116.0,126.0,-3.0,3.0,3.0,3.0
645,2020-01-20,MIA,SAC,2020.0,118.0,113.0,-3.5,3.5,-1.0,-2.0
646,2020-01-20,MIL,CHI,2020.0,111.0,98.0,-15.5,15.5,3.0,-1.0
647,2020-01-20,MIN,DEN,2020.0,100.0,107.0,-3.5,3.5,-3.0,-1.0
648,2020-01-20,PHO,SAS,2020.0,118.0,120.0,-4.5,4.5,-1.0,-1.0
649,2020-01-20,POR,GSW,2020.0,129.0,124.0,-7.5,7.5,-3.0,1.0
650,2020-01-20,UTA,IND,2020.0,118.0,88.0,-7.5,7.5,3.0,3.0
651,2020-01-20,WAS,DET,2020.0,106.0,100.0,-1.0,1.0,-3.0,-1.0
652,2020-01-21,DAL,LAC,2020.0,107.0,110.0,-2.5,2.5,2.0,-1.0
653,2020-01-22,ATL,LAC,2020.0,102.0,95.0,4.5,-4.5,1.0,1.0
654,2020-01-22,BOS,MEM,2020.0,119.0,95.0,-7.0,7.0,1.0,1.0
655,2020-01-22,CHI,MIN,2020.0,117.0,110.0,-1.0,1.0,-1.0,-3.0
656,2020-01-22,DET,SAC,2020.0,127.0,106.0,2.0,-2.0,-1.0,-4.0
657,2020-01-22,GSW,UTA,2020.0,96.0,129.0,9.0,-9.0,1.0,3.0
658,2020-01-22,HOU,DEN,2020.0,121.0,105.0,-10.0,10.0,-3.0,1.0
659,2020-01-22,MIA,WAS,2020.0,134.0,129.0,-10.0,10.0,1.0,-1.0
660,2020-01-22,NOP,SAS,2020.0,117.0,121.0,-3.5,3.5,3.0,1.0
661,2020-01-22,NYK,LAL,2020.0,92.0,100.0,11.5,-11.5,1.0,1.0
662,2020-01-22,ORL,OKC,2020.0,114.0,120.0,-2.5,2.5,1.0,1.0
663,2020-01-22,PHO,IND,2020.0,87.0,112.0,1.0,-1.0,-1.0,1.0
664,2020-01-22,TOR,PHI,2020.0,107.0,95.0,-6.5,6.5,1.0,1.0
665,2020-01-23,BRK,LAL,2020.0,113.0,128.0,5.5,-5.5,-3.0,-1.0
666,2020-01-23,CLE,WAS,2020.0,112.0,124.0,-2.5,2.5,-1.0,-1.0
667,2020-01-23,POR,DAL,2020.0,125.0,133.0,5.5,-5.5,-3.0,2.0
668,2020-01-24,CHA,MIL,2020.0,103.0,116.0,14.5,-14.5,-1.0,1.0
669,2020-01-24,CHI,SAC,2020.0,81.0,98.0,-1.5,1.5,1.0,-4.0
670,2020-01-24,DET,MEM,2020.0,112.0,125.0,2.0,-2.0,1.0,-1.0
671,2020-01-24,GSW,IND,2020.0,118.0,129.0,6.5,-6.5,1.0,1.0
672,2020-01-24,MIA,LAC,2020.0,117.0,122.0,2.0,-2.0,1.0,1.0
673,2020-01-24,MIN,HOU,2020.0,124.0,131.0,6.0,-6.0,-3.0,-3.0
674,2020-01-24,NOP,DEN,2020.0,106.0,113.0,-4.0,4.0,3.0,-1.0
675,2020-01-24,NYK,TOR,2020.0,112.0,118.0,8.5,-8.5,1.0,3.0
676,2020-01-24,OKC,ATL,2020.0,140.0,111.0,-8.0,8.0,1.0,3.0
677,2020-01-24,ORL,BOS,2020.0,98.0,109.0,-2.5,2.5,-1.0,1.0
678,2020-01-24,SAS,PHO,2020.0,99.0,103.0,-5.0,5.0,1.0,-1.0
679,2020-01-25,CLE,CHI,2020.0,106.0,118.0,-1.0,1.0,-1.0,-1.0
680,2020-01-25,DET,BRK,2020.0,111.0,121.0,2.5,-2.5,1.0,-5.0
681,2020-01-25,MIN,OKC,2020.0,104.0,113.0,-2.0,2.0,-3.0,3.0
682,2020-01-25,PHI,LAL,2020.0,108.0,91.0,5.0,-5.0,1.0,-1.0
683,2020-01-25,UTA,DAL,2020.0,112.0,107.0,-5.0,5.0,3.0,2.0
684,2020-01-26,ATL,WAS,2020.0,152.0,133.0,-1.0,1.0,1.0,1.0
685,2020-01-26,DEN,HOU,2020.0,117.0,110.0,-2.5,2.5,-1.0,-1.0
686,2020-01-26,MEM,PHO,2020.0,114.0,109.0,-2.0,2.0,-1.0,1.0
687,2020-01-26,NOP,BOS,2020.0,123.0,108.0,-1.5,1.5,1.0,3.0
688,2020-01-26,NYK,BRK,2020.0,110.0,97.0,-2.5,2.5,3.0,-3.0
689,2020-01-26,ORL,LAC,2020.0,97.0,112.0,3.5,-3.5,-3.0,1.0
690,2020-01-26,POR,IND,2020.0,139.0,129.0,-3.0,3.0,-3.0,1.0
691,2020-01-26,SAS,TOR,2020.0,106.0,110.0,3.5,-3.5,1.0,1.0
692,2020-01-27,CHI,SAS,2020.0,110.0,109.0,-1.5,1.5,1.0,1.0
693,2020-01-27,DET,CLE,2020.0,100.0,115.0,-6.5,6.5,-1.0,-1.0
694,2020-01-27,MIA,ORL,2020.0,113.0,92.0,-6.5,6.5,-1.0,-3.0
695,2020-01-27,MIN,SAC,2020.0,129.0,133.0,-3.0,3.0,-5.0,-2.0
696,2020-01-27,OKC,DAL,2020.0,97.0,107.0,5.0,-5.0,5.0,1.0
697,2020-01-27,UTA,HOU,2020.0,117.0,126.0,-14.0,14.0,2.0,-1.0
698,2020-01-28,CHA,NYK,2020.0,97.0,92.0,-1.5,1.5,1.0,5.0
699,2020-01-28,CLE,NOP,2020.0,111.0,125.0,9.0,-9.0,-1.0,1.0
700,2020-01-28,DAL,PHO,2020.0,104.0,133.0,-7.0,7.0,2.0,-1.0
701,2020-01-28,MEM,DEN,2020.0,104.0,96.0,-1.0,1.0,-1.0,1.0
702,2020-01-28,MIA,BOS,2020.0,101.0,109.0,-1.5,1.5,-1.0,1.0
703,2020-01-28,MIL,WAS,2020.0,151.0,131.0,-11.5,11.5,-1.0,1.0
704,2020-01-28,PHI,GSW,2020.0,115.0,104.0,-13.5,13.5,1.0,1.0
705,2020-01-28,TOR,ATL,2020.0,130.0,114.0,-13.0,13.0,1.0,1.0
706,2020-01-29,BRK,DET,2020.0,125.0,115.0,-5.5,5.5,-3.0,-3.0
707,2020-01-29,IND,CHI,2020.0,115.0,106.0,-8.5,8.5,1.0,1.0
708,2020-01-29,NYK,MEM,2020.0,106.0,127.0,2.5,-2.5,3.0,1.0
709,2020-01-29,POR,HOU,2020.0,125.0,112.0,5.0,-5.0,-3.0,1.0
710,2020-01-29,SAC,OKC,2020.0,100.0,120.0,2.5,-2.5,-1.0,3.0
711,2020-01-29,SAS,UTA,2020.0,127.0,120.0,5.5,-5.5,1.0,2.0
712,2020-01-30,ATL,PHI,2020.0,127.0,117.0,6.0,-6.0,1.0,-1.0
713,2020-01-30,BOS,GSW,2020.0,119.0,104.0,-13.0,13.0,3.0,1.0
714,2020-01-30,CLE,TOR,2020.0,109.0,115.0,10.0,-10.0,-3.0,1.0
715,2020-01-30,DEN,UTA,2020.0,106.0,100.0,3.0,-3.0,1.0,0.0
716,2020-01-30,LAC,SAC,2020.0,103.0,124.0,-14.0,14.0,1.0,-1.0
717,2020-01-30,WAS,CHA,2020.0,121.0,107.0,-3.5,3.5,1.0,1.0
718,2020-01-31,BRK,CHI,2020.0,133.0,118.0,-5.5,5.5,-1.0,-1.0
719,2020-01-31,DET,TOR,2020.0,92.0,105.0,4.0,-4.0,-3.0,1.0
720,2020-01-31,HOU,DAL,2020.0,128.0,121.0,-8.0,8.0,1.0,0.0
721,2020-01-31,LAL,POR,2020.0,119.0,127.0,-13.0,13.0,-1.0,-1.0
722,2020-01-31,MIL,DEN,2020.0,115.0,127.0,-13.0,13.0,-1.0,1.0
723,2020-01-31,NOP,MEM,2020.0,139.0,111.0,-7.5,7.5,1.0,3.0
724,2020-01-31,PHO,OKC,2020.0,107.0,111.0,1.0,-1.0,-1.0,3.0
725,2020-02-01,BOS,PHI,2020.0,116.0,95.0,1.0,-1.0,3.0,-1.0
726,2020-02-01,CLE,GSW,2020.0,112.0,131.0,-2.0,2.0,-1.0,-1.0
727,2020-02-01,DAL,ATL,2020.0,123.0,100.0,-4.5,4.5,2.0,1.0
728,2020-02-01,IND,NYK,2020.0,85.0,92.0,-11.0,11.0,1.0,1.0
729,2020-02-01,LAC,MIN,2020.0,118.0,106.0,-10.5,10.5,1.0,-5.0
730,2020-02-01,ORL,MIA,2020.0,89.0,102.0,2.5,-2.5,-3.0,-1.0
731,2020-02-01,POR,UTA,2020.0,124.0,107.0,6.5,-6.5,1.0,-2.0
732,2020-02-01,SAC,LAL,2020.0,113.0,129.0,7.0,-7.0,1.0,-3.0
733,2020-02-01,SAS,CHA,2020.0,114.0,90.0,-8.5,8.5,1.0,-1.0
734,2020-02-01,WAS,BRK,2020.0,113.0,107.0,1.5,-1.5,1.0,1.0
735,2020-02-02,DET,DEN,2020.0,128.0,123.0,2.5,-2.5,-5.0,3.0
736,2020-02-02,HOU,NOP,2020.0,117.0,109.0,-5.0,5.0,-1.0,1.0
737,2020-02-02,MIL,PHO,2020.0,129.0,108.0,-12.5,12.5,-1.0,-1.0
738,2020-02-02,TOR,CHI,2020.0,129.0,102.0,-10.0,10.0,1.0,-3.0
739,2020-02-03,ATL,BOS,2020.0,115.0,123.0,6.5,-6.5,-1.0,3.0
740,2020-02-03,BRK,PHO,2020.0,119.0,97.0,-2.0,2.0,1.0,-1.0
741,2020-02-03,CHA,ORL,2020.0,100.0,112.0,5.0,-5.0,-1.0,-5.0
742,2020-02-03,CLE,NYK,2020.0,134.0,139.0,2.5,-2.5,-1.0,1.0
743,2020-02-03,IND,DAL,2020.0,103.0,112.0,-5.5,5.5,1.0,2.0
744,2020-02-03,LAC,SAS,2020.0,108.0,105.0,-9.0,9.0,1.0,1.0
745,2020-02-03,MEM,DET,2020.0,96.0,82.0,-9.0,9.0,3.0,-3.0
746,2020-02-03,MIA,PHI,2020.0,137.0,106.0,-2.5,2.5,-1.0,-3.0
747,2020-02-03,SAC,MIN,2020.0,113.0,109.0,-1.5,1.5,1.0,-5.0
748,2020-02-03,WAS,GSW,2020.0,117.0,125.0,-6.5,6.5,1.0,-1.0
749,2020-02-04,DEN,POR,2020.0,127.0,99.0,-4.5,4.5,1.0,3.0
750,2020-02-04,HOU,CHA,2020.0,125.0,110.0,-13.0,13.0,-1.0,-1.0
751,2020-02-04,LAL,SAS,2020.0,129.0,102.0,-10.5,10.5,-1.0,3.0
752,2020-02-04,NOP,MIL,2020.0,108.0,120.0,6.5,-6.5,1.0,-1.0
753,2020-02-05,BOS,ORL,2020.0,116.0,100.0,-5.5,5.5,3.0,-3.0
754,2020-02-05,BRK,GSW,2020.0,129.0,88.0,-6.5,6.5,1.0,1.0
755,2020-02-05,DAL,MEM,2020.0,107.0,121.0,-4.0,4.0,3.0,3.0
756,2020-02-05,DET,PHO,2020.0,116.0,108.0,3.0,-3.0,-3.0,-3.0
757,2020-02-05,LAC,MIA,2020.0,128.0,111.0,-6.5,6.5,1.0,1.0
758,2020-02-05,MIN,ATL,2020.0,120.0,127.0,-4.5,4.5,-5.0,-1.0
759,2020-02-05,OKC,CLE,2020.0,109.0,103.0,-13.5,13.5,3.0,-1.0
760,2020-02-05,TOR,IND,2020.0,119.0,118.0,-5.5,5.5,3.0,-1.0
761,2020-02-05,UTA,DEN,2020.0,95.0,98.0,-10.0,10.0,-4.0,1.0
762,2020-02-06,CHI,NOP,2020.0,119.0,125.0,6.0,-6.0,-3.0,1.0
763,2020-02-06,LAL,HOU,2020.0,111.0,121.0,-6.0,6.0,1.0,1.0
764,2020-02-06,MIL,PHI,2020.0,112.0,101.0,-9.0,9.0,1.0,-3.0
765,2020-02-06,NYK,ORL,2020.0,105.0,103.0,3.5,-3.5,1.0,-3.0
766,2020-02-06,POR,SAS,2020.0,125.0,117.0,-3.5,3.5,3.0,3.0
767,2020-02-07,BOS,ATL,2020.0,112.0,107.0,-12.5,12.5,5.0,-1.0
768,2020-02-07,IND,TOR,2020.0,106.0,115.0,-1.0,1.0,-1.0,1.0
769,2020-02-07,OKC,DET,2020.0,108.0,101.0,-13.0,13.0,1.0,-1.0
770,2020-02-07,PHI,MEM,2020.0,119.0,107.0,-6.0,6.0,-5.0,3.0
771,2020-02-07,PHO,HOU,2020.0,127.0,91.0,2.5,-2.5,-3.0,1.0
772,2020-02-07,SAC,MIA,2020.0,105.0,97.0,1.0,-1.0,1.0,1.0
773,2020-02-07,UTA,POR,2020.0,117.0,114.0,-10.5,10.5,-5.0,3.0
774,2020-02-07,WAS,DAL,2020.0,119.0,118.0,3.0,-3.0,-1.0,1.0
775,2020-02-08,CHA,DAL,2020.0,100.0,116.0,3.0,-3.0,-3.0,1.0
776,2020-02-08,DET,NYK,2020.0,92.0,95.0,1.5,-1.5,1.0,1.0
777,2020-02-08,GSW,LAL,2020.0,120.0,125.0,14.0,-14.0,1.0,-1.0
778,2020-02-08,IND,NOP,2020.0,117.0,124.0,-5.5,5.5,-1.0,0.0
779,2020-02-08,MIN,LAC,2020.0,142.0,115.0,10.0,-10.0,-5.0,1.0
780,2020-02-08,ORL,MIL,2020.0,95.0,112.0,8.5,-8.5,-3.0,3.0
781,2020-02-08,PHO,DEN,2020.0,108.0,117.0,3.5,-3.5,-3.0,3.0
782,2020-02-08,SAC,SAS,2020.0,122.0,102.0,2.5,-2.5,1.0,1.0
783,2020-02-08,TOR,BRK,2020.0,119.0,118.0,-6.0,6.0,1.0,3.0
784,2020-02-09,ATL,NYK,2020.0,140.0,135.0,-5.0,5.0,1.0,3.0
785,2020-02-09,CLE,LAC,2020.0,92.0,133.0,6.0,-6.0,-1.0,-1.0
786,2020-02-09,HOU,UTA,2020.0,113.0,114.0,-2.5,2.5,1.0,-5.0
787,2020-02-09,OKC,BOS,2020.0,111.0,112.0,1.5,-1.5,-1.0,3.0
788,2020-02-09,PHI,CHI,2020.0,118.0,111.0,-11.0,11.0,-3.0,-4.0
789,2020-02-09,POR,MIA,2020.0,115.0,109.0,-5.0,5.0,3.0,-1.0
790,2020-02-09,WAS,MEM,2020.0,99.0,106.0,3.0,-3.0,1.0,1.0
791,2020-02-10,DAL,UTA,2020.0,119.0,123.0,-1.0,1.0,1.0,-3.0
792,2020-02-10,DEN,SAS,2020.0,127.0,120.0,-6.5,6.5,3.0,-1.0
793,2020-02-10,DET,CHA,2020.0,76.0,87.0,-3.5,3.5,1.0,-5.0
794,2020-02-10,GSW,MIA,2020.0,101.0,113.0,7.0,-7.0,1.0,-1.0
795,2020-02-10,IND,BRK,2020.0,105.0,106.0,-6.5,6.5,-3.0,3.0
796,2020-02-10,LAL,PHO,2020.0,125.0,100.0,-13.0,13.0,-1.0,-3.0
797,2020-02-10,MIL,SAC,2020.0,123.0,111.0,-10.0,10.0,3.0,3.0
798,2020-02-10,ORL,ATL,2020.0,135.0,126.0,-8.5,8.5,-3.0,0.0
799,2020-02-10,TOR,MIN,2020.0,137.0,126.0,-8.5,8.5,1.0,-3.0
800,2020-02-11,HOU,BOS,2020.0,116.0,105.0,-2.5,2.5,1.0,1.0
801,2020-02-11,NOP,POR,2020.0,138.0,117.0,-3.0,3.0,0.0,3.0
802,2020-02-11,OKC,SAS,2020.0,106.0,114.0,-8.0,8.0,1.0,-3.0
803,2020-02-11,PHI,LAC,2020.0,110.0,103.0,-1.0,1.0,-3.0,1.0
804,2020-02-11,WAS,CHI,2020.0,126.0,114.0,-3.5,3.5,1.0,-2.0
805,2020-02-12,BRK,TOR,2020.0,101.0,91.0,4.0,-4.0,3.0,1.0
806,2020-02-12,CLE,ATL,2020.0,127.0,105.0,3.0,-3.0,-1.0,0.0
807,2020-02-12,DAL,SAC,2020.0,130.0,111.0,-8.5,8.5,-1.0,1.0
808,2020-02-12,DEN,LAL,2020.0,116.0,120.0,3.0,-3.0,3.0,1.0
809,2020-02-12,IND,MIL,2020.0,118.0,111.0,-1.5,1.5,-3.0,5.0
810,2020-02-12,MEM,POR,2020.0,111.0,104.0,-3.5,3.5,1.0,1.0
811,2020-02-12,MIN,CHA,2020.0,108.0,115.0,-6.0,6.0,-3.0,-3.0
812,2020-02-12,NYK,WAS,2020.0,96.0,114.0,-3.0,3.0,4.0,1.0
813,2020-02-12,ORL,DET,2020.0,116.0,112.0,-6.5,6.5,-1.0,-1.0
814,2020-02-12,PHO,GSW,2020.0,112.0,106.0,-6.5,6.5,-3.0,1.0
815,2020-02-12,UTA,MIA,2020.0,116.0,101.0,-5.0,5.0,-1.0,-1.0
816,2020-02-13,BOS,LAC,2020.0,141.0,133.0,-1.0,1.0,-1.0,-1.0
817,2020-02-13,NOP,OKC,2020.0,118.0,123.0,-3.5,3.5,0.0,-1.0
818,2020-02-20,ATL,MIA,2020.0,129.0,124.0,6.5,-6.5,0.0,-3.0
819,2020-02-20,CHI,CHA,2020.0,93.0,103.0,-4.5,4.5,-2.0,-1.0
820,2020-02-20,DET,MIL,2020.0,106.0,126.0,13.0,-13.0,1.0,3.0
821,2020-02-20,GSW,HOU,2020.0,105.0,135.0,10.0,-10.0,1.0,1.0
822,2020-02-20,PHI,BRK,2020.0,112.0,104.0,-7.0,7.0,-1.0,5.0
823,2020-02-20,SAC,MEM,2020.0,129.0,125.0,1.0,-1.0,1.0,3.0
824,2020-02-21,LAL,MEM,2020.0,117.0,105.0,-10.5,10.5,1.0,1.0
825,2020-02-21,MIN,BOS,2020.0,117.0,127.0,8.5,-8.5,-3.0,-1.0
826,2020-02-21,NYK,IND,2020.0,98.0,106.0,7.0,-7.0,2.0,-1.0
827,2020-02-21,OKC,DEN,2020.0,113.0,101.0,-1.5,1.5,-1.0,3.0
828,2020-02-21,ORL,DAL,2020.0,106.0,122.0,4.0,-4.0,-3.0,-1.0
829,2020-02-21,POR,NOP,2020.0,115.0,128.0,5.5,-5.5,1.0,0.0
830,2020-02-21,TOR,PHO,2020.0,118.0,101.0,-8.5,8.5,-1.0,-3.0
831,2020-02-21,UTA,SAS,2020.0,104.0,113.0,-7.0,7.0,1.0,-3.0
832,2020-02-21,WAS,CLE,2020.0,108.0,113.0,-6.0,6.0,1.0,-1.0
833,2020-02-22,ATL,DAL,2020.0,111.0,107.0,-2.0,2.0,0.0,1.0
834,2020-02-22,CHA,BRK,2020.0,86.0,115.0,4.5,-4.5,1.0,3.0
835,2020-02-22,CHI,PHO,2020.0,104.0,112.0,3.0,-3.0,-2.0,-3.0
836,2020-02-22,LAC,SAC,2020.0,103.0,112.0,-9.0,9.0,-1.0,1.0
837,2020-02-22,MIA,CLE,2020.0,124.0,105.0,-13.0,13.0,-3.0,1.0
838,2020-02-22,MIL,PHI,2020.0,119.0,98.0,-9.5,9.5,3.0,1.0
839,2020-02-22,UTA,HOU,2020.0,110.0,120.0,-2.0,2.0,1.0,1.0
840,2020-02-23,CHI,WAS,2020.0,126.0,117.0,3.5,-3.5,-2.0,1.0
841,2020-02-23,DEN,MIN,2020.0,128.0,116.0,-14.5,14.5,1.0,-3.0
842,2020-02-23,GSW,NOP,2020.0,101.0,115.0,10.0,-10.0,-1.0,2.0
843,2020-02-23,LAL,BOS,2020.0,114.0,112.0,-7.5,7.5,1.0,-1.0
844,2020-02-23,OKC,SAS,2020.0,131.0,103.0,-5.0,5.0,1.0,-1.0
845,2020-02-23,POR,DET,2020.0,107.0,104.0,-5.5,5.5,-1.0,-1.0
846,2020-02-23,TOR,IND,2020.0,127.0,81.0,-5.0,5.0,1.0,-1.0
847,2020-02-24,BRK,ORL,2020.0,113.0,115.0,-3.5,3.5,3.0,-3.0
848,2020-02-24,CLE,MIA,2020.0,125.0,119.0,6.5,-6.5,1.0,-1.0
849,2020-02-24,DAL,MIN,2020.0,139.0,123.0,-13.5,13.5,1.0,-1.0
850,2020-02-24,HOU,NYK,2020.0,123.0,112.0,-12.0,12.0,1.0,0.0
851,2020-02-24,LAC,MEM,2020.0,124.0,97.0,-11.0,11.0,-3.0,-1.0
852,2020-02-24,PHI,ATL,2020.0,129.0,112.0,-8.5,8.5,1.0,0.0
853,2020-02-24,UTA,PHO,2020.0,111.0,131.0,-8.5,8.5,1.0,-3.0
854,2020-02-24,WAS,MIL,2020.0,134.0,137.0,13.0,-13.0,-1.0,3.0
855,2020-02-25,CHI,OKC,2020.0,122.0,124.0,7.5,-7.5,-1.0,3.0
856,2020-02-25,DEN,DET,2020.0,115.0,98.0,-13.5,13.5,-1.0,-1.0
857,2020-02-25,GSW,SAC,2020.0,94.0,112.0,7.5,-7.5,-1.0,1.0
858,2020-02-25,IND,CHA,2020.0,119.0,80.0,-11.5,11.5,-1.0,1.0
859,2020-02-25,LAL,NOP,2020.0,118.0,109.0,-7.5,7.5,1.0,3.0
860,2020-02-25,POR,BOS,2020.0,106.0,118.0,7.0,-7.0,-3.0,1.0
861,2020-02-25,TOR,MIL,2020.0,97.0,108.0,-1.0,1.0,1.0,1.0
862,2020-02-26,ATL,ORL,2020.0,120.0,130.0,2.5,-2.5,-1.0,-1.0
863,2020-02-26,CHA,NYK,2020.0,107.0,101.0,2.0,-2.0,1.0,0.0
864,2020-02-26,CLE,PHI,2020.0,108.0,94.0,7.5,-7.5,1.0,1.0
865,2020-02-26,HOU,MEM,2020.0,140.0,112.0,-12.0,12.0,1.0,-1.0
866,2020-02-26,MIA,MIN,2020.0,126.0,129.0,-12.0,12.0,-1.0,-3.0
867,2020-02-26,PHO,LAC,2020.0,92.0,102.0,7.5,-7.5,-1.0,-1.0
868,2020-02-26,SAS,DAL,2020.0,103.0,109.0,4.0,-4.0,-1.0,1.0
869,2020-02-26,UTA,BOS,2020.0,103.0,114.0,-5.0,5.0,-1.0,3.0
870,2020-02-26,WAS,BRK,2020.0,110.0,106.0,1.5,-1.5,1.0,1.0
871,2020-02-27,GSW,LAL,2020.0,86.0,116.0,10.5,-10.5,-3.0,3.0
872,2020-02-27,IND,POR,2020.0,106.0,100.0,-10.0,10.0,1.0,-5.0
873,2020-02-27,OKC,SAC,2020.0,112.0,108.0,-7.5,7.5,1.0,1.0
874,2020-02-27,PHI,NYK,2020.0,115.0,106.0,-7.5,7.5,1.0,-2.0
875,2020-02-28,ATL,BRK,2020.0,141.0,118.0,2.5,-2.5,-1.0,-1.0
876,2020-02-28,LAC,DEN,2020.0,132.0,103.0,-7.0,7.0,-1.0,-1.0
877,2020-02-28,MEM,SAC,2020.0,101.0,104.0,-2.5,2.5,-3.0,3.0
878,2020-02-28,MIA,DAL,2020.0,126.0,118.0,-2.5,2.5,-3.0,3.0
879,2020-02-28,MIL,OKC,2020.0,133.0,86.0,-10.0,10.0,1.0,1.0
880,2020-02-28,NOP,CLE,2020.0,116.0,104.0,-13.0,13.0,1.0,3.0
881,2020-02-28,ORL,MIN,2020.0,136.0,125.0,-8.0,8.0,1.0,-1.0
882,2020-02-28,PHO,DET,2020.0,111.0,113.0,-9.0,9.0,-1.0,-1.0
883,2020-02-28,TOR,CHA,2020.0,96.0,99.0,-13.5,13.5,1.0,1.0
884,2020-02-28,UTA,WAS,2020.0,129.0,119.0,-10.5,10.5,-3.0,1.0
885,2020-02-29,ATL,POR,2020.0,129.0,117.0,-2.5,2.5,1.0,-3.0
886,2020-02-29,BOS,HOU,2020.0,110.0,111.0,1.0,-1.0,5.0,3.0
887,2020-02-29,CLE,IND,2020.0,104.0,113.0,9.0,-9.0,3.0,1.0
888,2020-02-29,MEM,LAL,2020.0,105.0,88.0,11.0,-11.0,-5.0,3.0
889,2020-02-29,MIA,BRK,2020.0,116.0,113.0,-7.5,7.5,-1.0,-3.0
890,2020-02-29,NYK,CHI,2020.0,125.0,115.0,-2.5,2.5,-3.0,-1.0
891,2020-02-29,PHO,GSW,2020.0,99.0,115.0,-10.5,10.5,-1.0,-3.0
892,2020-02-29,SAS,ORL,2020.0,114.0,113.0,-4.0,4.0,-1.0,1.0
893,2020-03-01,CHA,MIL,2020.0,85.0,93.0,13.5,-13.5,1.0,3.0
894,2020-03-01,DEN,TOR,2020.0,133.0,118.0,-2.5,2.5,-3.0,-1.0
895,2020-03-01,GSW,WAS,2020.0,110.0,124.0,7.0,-7.0,-3.0,1.0
896,2020-03-01,LAC,PHI,2020.0,136.0,130.0,-14.0,14.0,1.0,1.0
897,2020-03-01,MIN,DAL,2020.0,91.0,111.0,5.5,-5.5,-1.0,1.0
898,2020-03-01,NOP,LAL,2020.0,114.0,122.0,-1.5,1.5,-1.0,1.0
899,2020-03-01,SAC,DET,2020.0,106.0,100.0,-9.5,9.5,5.0,1.0
900,2020-03-02,ATL,MEM,2020.0,88.0,127.0,-2.0,2.0,1.0,-3.0
901,2020-03-02,CHI,DAL,2020.0,109.0,107.0,7.0,-7.0,-1.0,1.0
902,2020-03-02,CLE,UTA,2020.0,113.0,126.0,10.5,-10.5,2.0,-5.0
903,2020-03-02,MIA,MIL,2020.0,105.0,89.0,5.0,-5.0,-1.0,1.0
904,2020-03-02,NYK,HOU,2020.0,125.0,123.0,10.0,-10.0,-1.0,2.0
905,2020-03-02,ORL,POR,2020.0,107.0,130.0,-6.5,6.5,3.0,-3.0
906,2020-03-02,SAS,IND,2020.0,111.0,116.0,2.0,-2.0,-1.0,0.0
907,2020-03-03,BOS,BRK,2020.0,120.0,129.0,-6.5,6.5,4.0,-1.0
908,2020-03-03,CHA,SAS,2020.0,103.0,104.0,4.0,-4.0,1.0,-3.0
909,2020-03-03,DEN,GSW,2020.0,100.0,116.0,-16.0,16.0,-1.0,-3.0
910,2020-03-03,LAL,PHI,2020.0,120.0,107.0,-12.5,12.5,1.0,1.0
911,2020-03-03,NOP,MIN,2020.0,134.0,139.0,-11.0,11.0,-1.0,-1.0
912,2020-03-03,OKC,LAC,2020.0,94.0,109.0,4.5,-4.5,-1.0,1.0
913,2020-03-03,PHO,TOR,2020.0,114.0,123.0,3.5,-3.5,-1.0,-1.0
914,2020-03-03,SAC,WAS,2020.0,133.0,126.0,-5.5,5.5,3.0,3.0
915,2020-03-04,BRK,MEM,2020.0,79.0,118.0,-1.5,1.5,-1.0,-1.0
916,2020-03-04,CLE,BOS,2020.0,106.0,112.0,4.0,-4.0,2.0,2.0
917,2020-03-04,DAL,NOP,2020.0,127.0,123.0,-6.0,6.0,1.0,-3.0
918,2020-03-04,DET,OKC,2020.0,107.0,114.0,8.5,-8.5,1.0,-3.0
919,2020-03-04,MIA,ORL,2020.0,116.0,113.0,-6.5,6.5,-1.0,3.0
920,2020-03-04,MIL,IND,2020.0,119.0,100.0,-11.0,11.0,-1.0,0.0
921,2020-03-04,MIN,CHI,2020.0,115.0,108.0,-1.5,1.5,-1.0,1.0
922,2020-03-04,NYK,UTA,2020.0,104.0,112.0,9.0,-9.0,1.0,-3.0
923,2020-03-04,POR,WAS,2020.0,125.0,104.0,-7.5,7.5,-1.0,3.0
924,2020-03-05,CHA,DEN,2020.0,112.0,114.0,9.5,-9.5,3.0,-1.0
925,2020-03-05,GSW,TOR,2020.0,113.0,121.0,9.0,-9.0,-1.0,-1.0
926,2020-03-05,HOU,LAC,2020.0,105.0,120.0,1.0,-1.0,0.0,3.0
927,2020-03-05,SAC,PHI,2020.0,108.0,125.0,-5.5,5.5,3.0,1.0
928,2020-03-06,BOS,UTA,2020.0,94.0,99.0,-1.5,1.5,2.0,-3.0
929,2020-03-06,BRK,SAS,2020.0,139.0,120.0,-3.0,3.0,-1.0,-5.0
930,2020-03-06,CHI,IND,2020.0,102.0,108.0,2.5,-2.5,1.0,0.0
931,2020-03-06,DAL,MEM,2020.0,121.0,96.0,-7.5,7.5,-1.0,1.0
932,2020-03-06,LAL,MIL,2020.0,113.0,103.0,-1.5,1.5,3.0,1.0
933,2020-03-06,MIN,ORL,2020.0,118.0,132.0,2.5,-2.5,1.0,3.0
934,2020-03-06,NOP,MIA,2020.0,110.0,104.0,-1.5,1.5,-3.0,-1.0
935,2020-03-06,NYK,OKC,2020.0,103.0,126.0,6.0,-6.0,1.0,-5.0
936,2020-03-06,PHO,POR,2020.0,127.0,117.0,3.5,-3.5,-3.0,1.0
937,2020-03-06,WAS,ATL,2020.0,118.0,112.0,-5.5,5.5,1.0,-1.0
938,2020-03-07,CHA,HOU,2020.0,108.0,99.0,8.0,-8.0,5.0,-2.0
939,2020-03-07,CLE,DEN,2020.0,104.0,102.0,9.5,-9.5,0.0,-1.0
940,2020-03-07,DET,UTA,2020.0,105.0,111.0,8.0,-8.0,3.0,-1.0
941,2020-03-07,GSW,PHI,2020.0,118.0,114.0,3.5,-3.5,1.0,1.0
942,2020-03-07,MEM,ATL,2020.0,118.0,101.0,-6.0,6.0,1.0,-1.0
943,2020-03-07,POR,SAC,2020.0,111.0,123.0,-2.0,2.0,1.0,1.0
944,2020-03-08,BOS,OKC,2020.0,104.0,105.0,-6.5,6.5,0.0,-3.0
945,2020-03-08,BRK,CHI,2020.0,110.0,107.0,-6.0,6.0,1.0,-1.0
946,2020-03-08,CLE,SAS,2020.0,132.0,129.0,4.5,-4.5,0.0,-5.0
947,2020-03-08,DAL,IND,2020.0,109.0,112.0,-6.5,6.5,-1.0,0.0
948,2020-03-08,HOU,ORL,2020.0,106.0,126.0,-8.0,8.0,-2.0,3.0
949,2020-03-08,LAC,LAL,2020.0,103.0,112.0,-2.5,2.5,3.0,3.0
950,2020-03-08,MIN,NOP,2020.0,107.0,120.0,7.0,-7.0,-1.0,-1.0
951,2020-03-08,NYK,DET,2020.0,96.0,84.0,-5.5,5.5,1.0,3.0
952,2020-03-08,PHO,MIL,2020.0,140.0,131.0,6.5,-6.5,-3.0,-1.0
953,2020-03-08,SAC,TOR,2020.0,113.0,118.0,5.0,-5.0,1.0,-3.0
954,2020-03-08,WAS,MIA,2020.0,89.0,100.0,5.5,-5.5,1.0,-1.0
955,2020-03-09,ATL,CHA,2020.0,143.0,138.0,-5.0,5.0,-1.0,5.0
956,2020-03-09,DEN,MIL,2020.0,109.0,95.0,-7.0,7.0,-3.0,-3.0
957,2020-03-09,UTA,TOR,2020.0,92.0,101.0,-6.0,6.0,-1.0,-2.0
958,2020-03-10,CHI,CLE,2020.0,108.0,103.0,-4.0,4.0,-1.0,0.0
959,2020-03-10,GSW,LAC,2020.0,107.0,131.0,12.5,-12.5,3.0,1.0
960,2020-03-10,HOU,MIN,2020.0,117.0,111.0,-12.5,12.5,-4.0,-1.0
961,2020-03-10,IND,BOS,2020.0,111.0,114.0,3.0,-3.0,2.0,-2.0
962,2020-03-10,LAL,BRK,2020.0,102.0,104.0,-12.0,12.0,3.0,1.0
963,2020-03-10,MEM,ORL,2020.0,115.0,120.0,-2.0,2.0,3.0,3.0
964,2020-03-10,POR,PHO,2020.0,121.0,105.0,-6.0,6.0,-1.0,-1.0
965,2020-03-10,SAS,DAL,2020.0,119.0,109.0,4.0,-4.0,-5.0,-1.0
966,2020-03-10,WAS,NYK,2020.0,122.0,115.0,-5.0,5.0,-1.0,3.0
967,2020-03-11,ATL,NYK,2020.0,131.0,136.0,-5.0,5.0,-2.0,1.0
968,2020-03-11,DAL,DEN,2020.0,113.0,97.0,2.5,-2.5,-3.0,-1.0
969,2020-03-11,MIA,CHA,2020.0,98.0,109.0,-11.0,11.0,-1.0,4.0
970,2020-03-11,PHI,DET,2020.0,124.0,106.0,-12.0,12.0,1.0,3.0
971,2020-07-30,LAL,LAC,2020.0,103.0,101.0,-4.0,4.0,3.0,1.0
972,2020-07-30,NOP,UTA,2020.0,104.0,106.0,-2.5,2.5,1.0,-1.0
973,2020-07-31,BRK,ORL,2020.0,118.0,128.0,7.5,-7.5,1.0,3.0
974,2020-07-31,DAL,HOU,2020.0,149.0,153.0,1.5,-1.5,-1.0,-5.0
975,2020-07-31,MIL,BOS,2020.0,119.0,112.0,-3.5,3.5,-3.0,-2.0
976,2020-07-31,POR,MEM,2020.0,140.0,135.0,-3.5,3.5,1.0,1.0
977,2020-07-31,SAS,SAC,2020.0,129.0,120.0,3.5,-3.5,-3.0,0.0
978,2020-07-31,WAS,PHO,2020.0,112.0,125.0,7.5,-7.5,-1.0,-1.0
979,2020-08-01,DEN,MIA,2020.0,105.0,125.0,4.0,-4.0,-3.0,-1.0
980,2020-08-01,IND,PHI,2020.0,127.0,121.0,5.5,-5.5,2.0,1.0
981,2020-08-01,LAC,NOP,2020.0,126.0,103.0,-5.0,5.0,3.0,1.0
982,2020-08-01,OKC,UTA,2020.0,110.0,94.0,-1.0,1.0,-1.0,-1.0
983,2020-08-01,TOR,LAL,2020.0,107.0,92.0,2.5,-2.5,0.0,1.0
984,2020-08-02,BOS,POR,2020.0,128.0,124.0,-4.0,4.0,-2.0,1.0
985,2020-08-02,BRK,WAS,2020.0,118.0,110.0,-4.0,4.0,-1.0,-1.0
986,2020-08-02,HOU,MIL,2020.0,120.0,116.0,5.0,-5.0,-3.0,-1.0
987,2020-08-02,MEM,SAS,2020.0,106.0,108.0,-3.0,3.0,-1.0,-1.0
988,2020-08-02,ORL,SAC,2020.0,132.0,116.0,-2.0,2.0,5.0,0.0
989,2020-08-02,PHO,DAL,2020.0,117.0,115.0,6.0,-6.0,1.0,-1.0
990,2020-08-03,MIA,TOR,2020.0,103.0,107.0,2.5,-2.5,-1.0,2.0
991,2020-08-03,NOP,MEM,2020.0,109.0,99.0,-4.5,4.5,1.0,-3.0
992,2020-08-03,OKC,DEN,2020.0,113.0,121.0,-5.5,5.5,1.0,-3.0
993,2020-08-03,PHI,SAS,2020.0,132.0,130.0,-7.5,7.5,-1.0,1.0
994,2020-08-03,UTA,LAL,2020.0,108.0,116.0,6.0,-6.0,-1.0,-1.0
995,2020-08-03,WAS,IND,2020.0,100.0,111.0,8.5,-8.5,-1.0,2.0
996,2020-08-04,IND,ORL,2020.0,120.0,109.0,1.5,-1.5,4.0,5.0
997,2020-08-04,LAC,PHO,2020.0,115.0,117.0,-8.5,8.5,3.0,3.0
998,2020-08-04,MIA,BOS,2020.0,112.0,106.0,5.0,-5.0,-1.0,-3.0
999,2020-08-04,MIL,BRK,2020.0,116.0,119.0,-19.0,19.0,-3.0,1.0
1000,2020-08-04,POR,HOU,2020.0,110.0,102.0,3.5,-3.5,0.0,-1.0
1001,2020-08-04,SAC,DAL,2020.0,110.0,114.0,5.5,-5.5,-2.0,-3.0
1002,2020-08-05,BOS,BRK,2020.0,149.0,115.0,-9.0,9.0,-3.0,1.0
1003,2020-08-05,LAL,OKC,2020.0,86.0,105.0,-5.5,5.5,-1.0,1.0
1004,2020-08-05,ORL,TOR,2020.0,99.0,109.0,7.5,-7.5,3.0,2.0
1005,2020-08-05,SAS,DEN,2020.0,126.0,132.0,2.0,-2.0,3.0,-1.0
1006,2020-08-05,UTA,MEM,2020.0,124.0,115.0,-5.0,5.0,-3.0,-3.0
1007,2020-08-05,WAS,PHI,2020.0,98.0,107.0,10.5,-10.5,-3.0,-1.0
1008,2020-08-06,DAL,LAC,2020.0,111.0,126.0,4.0,-4.0,-3.0,1.0
1009,2020-08-06,DEN,POR,2020.0,115.0,125.0,4.5,-4.5,1.0,2.0
1010,2020-08-06,HOU,LAL,2020.0,113.0,97.0,-3.5,3.5,-1.0,-3.0
1011,2020-08-06,MIL,MIA,2020.0,130.0,116.0,-9.5,9.5,-3.0,1.0
1012,2020-08-06,PHO,IND,2020.0,114.0,99.0,1.5,-1.5,3.0,4.0
1013,2020-08-06,SAC,NOP,2020.0,140.0,125.0,4.0,-4.0,0.0,1.0
1014,2020-08-07,BRK,SAC,2020.0,119.0,106.0,5.5,-5.5,1.0,0.0
1015,2020-08-07,MEM,OKC,2020.0,121.0,92.0,3.0,-3.0,-5.0,3.0
1016,2020-08-07,NOP,WAS,2020.0,118.0,107.0,-8.0,8.0,-1.0,-1.0
1017,2020-08-07,PHI,ORL,2020.0,108.0,101.0,-5.0,5.0,-3.0,1.0
1018,2020-08-07,SAS,UTA,2020.0,119.0,111.0,-9.0,9.0,3.0,-1.0
1019,2020-08-07,TOR,BOS,2020.0,100.0,122.0,-1.5,1.5,4.0,-1.0
1020,2020-08-08,DAL,MIL,2020.0,136.0,132.0,6.0,-6.0,-3.0,-1.0
1021,2020-08-08,DEN,UTA,2020.0,134.0,132.0,1.0,-1.0,-1.0,1.0
1022,2020-08-08,IND,LAL,2020.0,116.0,111.0,5.5,-5.5,2.0,-3.0
1023,2020-08-08,MIA,PHO,2020.0,112.0,119.0,4.0,-4.0,-1.0,3.0
1024,2020-08-08,POR,LAC,2020.0,117.0,122.0,-4.5,4.5,4.0,3.0
1025,2020-08-09,BOS,ORL,2020.0,122.0,119.0,-8.5,8.5,0.0,-1.0
1026,2020-08-09,LAC,BRK,2020.0,120.0,129.0,-9.5,9.5,3.0,1.0
1027,2020-08-09,NOP,SAS,2020.0,113.0,122.0,-3.5,3.5,-1.0,1.0
1028,2020-08-09,OKC,WAS,2020.0,121.0,103.0,-9.0,9.0,1.0,-3.0
1029,2020-08-09,POR,PHI,2020.0,124.0,121.0,-2.5,2.5,2.0,-1.0
1030,2020-08-09,SAC,HOU,2020.0,112.0,129.0,4.5,-4.5,-1.0,1.0
1031,2020-08-09,TOR,MEM,2020.0,108.0,99.0,-6.5,6.5,3.0,-3.0
1032,2020-08-10,LAL,DEN,2020.0,124.0,121.0,-5.0,5.0,-3.0,1.0
1033,2020-08-10,MIA,IND,2020.0,114.0,92.0,-4.0,4.0,-1.0,3.0
1034,2020-08-10,MIL,TOR,2020.0,106.0,114.0,-5.5,5.5,-1.0,3.0
1035,2020-08-10,PHO,OKC,2020.0,128.0,101.0,-8.0,8.0,5.0,1.0
1036,2020-08-10,UTA,DAL,2020.0,114.0,122.0,-6.0,6.0,-1.0,-3.0
1037,2020-08-11,DAL,POR,2020.0,131.0,134.0,2.5,-2.5,-1.0,2.0
1038,2020-08-11,MEM,BOS,2020.0,107.0,122.0,4.5,-4.5,-3.0,0.0
1039,2020-08-11,ORL,BRK,2020.0,96.0,108.0,-4.5,4.5,-1.0,3.0
1040,2020-08-11,PHI,PHO,2020.0,117.0,130.0,9.5,-9.5,-3.0,5.0
1041,2020-08-11,SAC,NOP,2020.0,112.0,106.0,-3.5,3.5,-1.0,-1.0
1042,2020-08-11,SAS,HOU,2020.0,123.0,105.0,-4.5,4.5,1.0,3.0
1043,2020-08-11,WAS,MIL,2020.0,113.0,126.0,8.5,-8.5,-3.0,-3.0
1044,2020-08-12,DEN,LAC,2020.0,111.0,124.0,5.5,-5.5,3.0,1.0
1045,2020-08-12,HOU,IND,2020.0,104.0,108.0,-6.5,6.5,1.0,1.0
1046,2020-08-12,OKC,MIA,2020.0,116.0,115.0,4.0,-4.0,-1.0,-1.0
1047,2020-08-12,PHI,TOR,2020.0,121.0,125.0,6.0,-6.0,-3.0,3.0
1048,2020-08-13,BOS,WAS,2020.0,90.0,96.0,2.0,-2.0,1.0,-3.0
1049,2020-08-13,BRK,POR,2020.0,133.0,134.0,10.5,-10.5,3.0,3.0
1050,2020-08-13,LAL,SAC,2020.0,122.0,136.0,-3.5,3.5,-3.0,1.0
1051,2020-08-13,MEM,MIL,2020.0,119.0,106.0,-4.0,4.0,-3.0,-1.0
1052,2020-08-13,ORL,NOP,2020.0,133.0,127.0,-4.0,4.0,-3.0,-1.0
1053,2020-08-13,PHO,DAL,2020.0,128.0,102.0,-8.5,8.5,5.0,-1.0
1054,2020-08-13,UTA,SAS,2020.0,118.0,112.0,7.0,-7.0,-1.0,1.0
1055,2020-08-14,HOU,PHI,2020.0,96.0,134.0,-2.5,2.5,-1.0,-1.0
1056,2020-08-14,IND,MIA,2020.0,109.0,92.0,1.5,-1.5,1.0,-1.0
1057,2020-08-14,LAC,OKC,2020.0,107.0,103.0,-3.5,3.5,1.0,1.0
1058,2020-08-14,TOR,DEN,2020.0,117.0,109.0,2.5,-2.5,1.0,1.0
1059,2020-08-15,POR,MEM,2020.0,126.0,122.0,-6.0,6.0,1.0,-1.0
1060,2020-08-17,BOS,PHI,2020.0,109.0,101.0,-6.5,6.5,1.0,1.0
1061,2020-08-17,DEN,UTA,2020.0,135.0,125.0,-4.5,4.5,-1.0,1.0
1062,2020-08-17,LAC,DAL,2020.0,118.0,110.0,-6.5,6.5,3.0,-1.0
1063,2020-08-17,TOR,BRK,2020.0,134.0,110.0,-9.5,9.5,1.0,3.0
1064,2020-08-18,HOU,OKC,2020.0,123.0,108.0,1.0,-1.0,-1.0,-1.0
1065,2020-08-18,IND,MIA,2020.0,101.0,113.0,4.0,-4.0,1.0,-3.0
1066,2020-08-18,LAL,POR,2020.0,93.0,100.0,-6.5,6.5,-5.0,-1.0
1067,2020-08-18,MIL,ORL,2020.0,110.0,122.0,-14.0,14.0,-1.0,-1.0
1068,2020-08-19,BOS,PHI,2020.0,128.0,101.0,-4.5,4.5,1.0,-1.0
1069,2020-08-19,DEN,UTA,2020.0,105.0,124.0,-3.5,3.5,1.0,-1.0
1070,2020-08-19,LAC,DAL,2020.0,114.0,127.0,-5.0,5.0,3.0,-1.0
1071,2020-08-19,TOR,BRK,2020.0,104.0,99.0,-11.5,11.5,3.0,3.0
1072,2020-08-20,HOU,OKC,2020.0,111.0,98.0,-2.0,2.0,-1.0,-1.0
1073,2020-08-20,IND,MIA,2020.0,100.0,109.0,4.0,-4.0,1.0,-1.0
1074,2020-08-20,LAL,POR,2020.0,111.0,88.0,-7.0,7.0,-5.0,1.0
1075,2020-08-20,MIL,ORL,2020.0,111.0,96.0,-13.0,13.0,-3.0,1.0
1076,2020-08-21,BRK,TOR,2020.0,92.0,117.0,11.0,-11.0,3.0,1.0
1077,2020-08-21,DAL,LAC,2020.0,122.0,130.0,5.0,-5.0,-1.0,1.0
1078,2020-08-21,PHI,BOS,2020.0,94.0,102.0,6.0,-6.0,-1.0,1.0
1079,2020-08-21,UTA,DEN,2020.0,124.0,87.0,-1.0,1.0,-1.0,-1.0
1080,2020-08-22,MIA,IND,2020.0,124.0,115.0,-5.0,5.0,1.0,-1.0
1081,2020-08-22,OKC,HOU,2020.0,119.0,107.0,2.0,-2.0,-3.0,-1.0
1082,2020-08-22,ORL,MIL,2020.0,107.0,121.0,12.5,-12.5,1.0,-1.0
1083,2020-08-22,POR,LAL,2020.0,108.0,116.0,7.5,-7.5,-1.0,-3.0
1084,2020-08-23,BRK,TOR,2020.0,122.0,150.0,14.0,-14.0,1.0,1.0
1085,2020-08-23,DAL,LAC,2020.0,135.0,133.0,7.0,-7.0,-3.0,3.0
1086,2020-08-23,PHI,BOS,2020.0,106.0,110.0,7.0,-7.0,-1.0,3.0
1087,2020-08-23,UTA,DEN,2020.0,129.0,127.0,-3.5,3.5,1.0,-3.0
1088,2020-08-24,MIA,IND,2020.0,99.0,87.0,-6.5,6.5,1.0,-1.0
1089,2020-08-24,OKC,HOU,2020.0,117.0,114.0,3.0,-3.0,-1.0,-1.0
1090,2020-08-24,ORL,MIL,2020.0,106.0,121.0,13.0,-13.0,-1.0,1.0
1091,2020-08-24,POR,LAL,2020.0,115.0,135.0,7.0,-7.0,-3.0,-1.0
1092,2020-08-25,DEN,UTA,2020.0,117.0,107.0,2.5,-2.5,-1.0,1.0
1093,2020-08-25,LAC,DAL,2020.0,154.0,111.0,-8.5,8.5,1.0,-1.0
1094,2020-08-29,HOU,OKC,2020.0,114.0,80.0,-5.0,5.0,-1.0,-1.0
1095,2020-08-29,LAL,POR,2020.0,131.0,122.0,-13.5,13.5,1.0,-3.0
1096,2020-08-29,MIL,ORL,2020.0,118.0,104.0,-13.5,13.5,1.0,-1.0
1097,2020-08-30,DAL,LAC,2020.0,97.0,111.0,9.5,-9.5,-1.0,1.0
1098,2020-08-30,TOR,BOS,2020.0,94.0,112.0,-2.0,2.0,3.0,1.0
1099,2020-08-30,UTA,DEN,2020.0,107.0,119.0,-2.5,2.5,-1.0,1.0
1100,2020-08-31,MIL,MIA,2020.0,104.0,115.0,-5.0,5.0,3.0,3.0
1101,2020-08-31,OKC,HOU,2020.0,104.0,100.0,5.5,-5.5,-1.0,1.0
1102,2020-09-01,DEN,UTA,2020.0,80.0,78.0,-1.5,1.5,1.0,-1.0
1103,2020-09-01,TOR,BOS,2020.0,99.0,102.0,-2.0,2.0,1.0,3.0
1104,2020-09-02,HOU,OKC,2020.0,104.0,102.0,-5.0,5.0,-1.0,1.0
1105,2020-09-02,MIL,MIA,2020.0,114.0,116.0,-5.5,5.5,3.0,5.0
1106,2020-09-03,BOS,TOR,2020.0,103.0,104.0,2.5,-2.5,3.0,-1.0
1107,2020-09-03,LAC,DEN,2020.0,120.0,97.0,-9.5,9.5,1.0,3.0
1108,2020-09-04,LAL,HOU,2020.0,97.0,112.0,-6.5,6.5,1.0,-3.0
1109,2020-09-04,MIA,MIL,2020.0,115.0,100.0,5.0,-5.0,5.0,1.0
1110,2020-09-05,BOS,TOR,2020.0,93.0,100.0,-2.0,2.0,3.0,-1.0
1111,2020-09-05,LAC,DEN,2020.0,101.0,110.0,-9.0,9.0,3.0,3.0
1112,2020-09-06,LAL,HOU,2020.0,117.0,109.0,-5.5,5.5,1.0,-1.0
1113,2020-09-06,MIA,MIL,2020.0,115.0,118.0,2.0,-2.0,5.0,-1.0
1114,2020-09-07,DEN,LAC,2020.0,107.0,113.0,8.5,-8.5,3.0,1.0
1115,2020-09-07,TOR,BOS,2020.0,89.0,111.0,1.5,-1.5,-1.0,1.0
1116,2020-09-08,HOU,LAL,2020.0,102.0,112.0,4.0,-4.0,-1.0,1.0
1117,2020-09-08,MIL,MIA,2020.0,94.0,103.0,5.5,-5.5,-1.0,3.0
1118,2020-09-09,BOS,TOR,2020.0,122.0,125.0,-3.0,3.0,3.0,-3.0
1119,2020-09-09,DEN,LAC,2020.0,85.0,96.0,7.5,-7.5,3.0,1.0
1120,2020-09-10,HOU,LAL,2020.0,100.0,110.0,5.5,-5.5,-3.0,1.0
1121,2020-09-11,LAC,DEN,2020.0,105.0,111.0,-8.5,8.5,1.0,1.0
1122,2020-09-11,TOR,BOS,2020.0,87.0,92.0,3.0,-3.0,-1.0,1.0
1123,2020-09-12,LAL,HOU,2020.0,119.0,96.0,-6.5,6.5,1.0,-3.0
1124,2020-09-13,DEN,LAC,2020.0,111.0,98.0,8.5,-8.5,1.0,-1.0
1125,2020-09-15,BOS,MIA,2020.0,114.0,117.0,-2.0,2.0,1.0,3.0
1126,2020-09-15,LAC,DEN,2020.0,89.0,104.0,-7.5,7.5,-3.0,3.0
1127,2020-09-17,BOS,MIA,2020.0,101.0,106.0,-3.0,3.0,-1.0,3.0
1128,2020-09-18,LAL,DEN,2020.0,126.0,114.0,-7.0,7.0,3.0,3.0
1129,2020-09-19,MIA,BOS,2020.0,106.0,117.0,3.5,-3.5,3.0,-1.0
1130,2020-09-20,LAL,DEN,2020.0,105.0,103.0,-7.5,7.5,5.0,1.0
1131,2020-09-22,DEN,LAL,2020.0,114.0,106.0,6.5,-6.5,3.0,3.0
1132,2020-09-23,MIA,BOS,2020.0,112.0,109.0,3.5,-3.5,1.0,-1.0
1133,2020-09-24,DEN,LAL,2020.0,108.0,114.0,6.0,-6.0,3.0,1.0
1134,2020-09-25,BOS,MIA,2020.0,121.0,108.0,-3.5,3.5,-1.0,3.0
1135,2020-09-26,LAL,DEN,2020.0,117.0,107.0,-5.0,5.0,0.0,2.0
1136,2020-09-27,MIA,BOS,2020.0,125.0,113.0,3.0,-3.0,1.0,-1.0
1137,2020-09-30,LAL,MIA,2020.0,116.0,98.0,-4.5,4.5,0.0,1.0
1138,2020-10-02,LAL,MIA,2020.0,124.0,114.0,-10.5,10.5,0.0,-1.0
1139,2020-10-04,MIA,LAL,2020.0,115.0,104.0,9.5,-9.5,1.0,0.0
1140,2020-10-06,MIA,LAL,2020.0,96.0,102.0,7.5,-7.5,1.0,0.0
1141,2020-10-09,LAL,MIA,2020.0,108.0,111.0,-7.5,7.5,-1.0,3.0
1142,2020-10-11,MIA,LAL,2020.0,93.0,106.0,5.5,-5.5,3.0,-3.0
