,Date,Home_Team,Away_Team,season,Home_Score,Away_Score,Home_Spread,Away_Spread,Home_last_n_ATS,Away_last_n_ATS
0,2020-12-22,BRK,GSW,2021.0,125.0,99.0,-7.5,7.5,,
1,2020-12-22,LAL,LAC,2021.0,109.0,116.0,-2.0,2.0,,
2,2020-12-23,BOS,MIL,2021.0,122.0,121.0,4.5,-4.5,,
3,2020-12-23,CHI,ATL,2021.0,104.0,124.0,2.0,-2.0,,
4,2020-12-23,CLE,CHA,2021.0,121.0,114.0,3.0,-3.0,,
5,2020-12-23,DEN,SAC,2021.0,122.0,124.0,-7.5,7.5,,
6,2020-12-23,IND,NYK,2021.0,121.0,107.0,-7.5,7.5,,
7,2020-12-23,MEM,SAS,2021.0,119.0,131.0,-2.0,2.0,,
8,2020-12-23,MIN,DET,2021.0,111.0,101.0,-5.5,5.5,,
9,2020-12-23,ORL,MIA,2021.0,113.0,107.0,4.5,-4.5,,
10,2020-12-23,PHI,WAS,2021.0,113.0,107.0,-7.0,7.0,,
11,2020-12-23,PHO,DAL,2021.0,106.0,102.0,-1.0,1.0,,
12,2020-12-23,POR,UTA,2021.0,100.0,120.0,1.5,-1.5,,
13,2020-12-23,TOR,NOP,2021.0,99.0,113.0,-3.5,3.5,,
14,2020-12-25,BOS,BRK,2021.0,95.0,123.0,3.0,-3.0,1.0,1.0
15,2020-12-25,DEN,LAC,2021.0,108.0,121.0,3.5,-3.5,-1.0,1.0
16,2020-12-25,LAL,DAL,2021.0,138.0,115.0,-6.0,6.0,-1.0,-1.0
17,2020-12-25,MIA,NOP,2021.0,111.0,98.0,-3.0,3.0,-1.0,1.0
18,2020-12-25,MIL,GSW,2021.0,138.0,99.0,-10.0,10.0,-1.0,-1.0
19,2020-12-26,CHA,OKC,2021.0,107.0,109.0,-3.0,3.0,-1.0,
20,2020-12-26,CHI,IND,2021.0,106.0,125.0,6.0,-6.0,-1.0,1.0
21,2020-12-26,DET,CLE,2021.0,119.0,128.0,-1.0,1.0,-1.0,1.0
22,2020-12-26,MEM,ATL,2021.0,112.0,122.0,-2.5,2.5,-1.0,1.0
23,2020-12-26,NYK,PHI,2021.0,89.0,109.0,8.0,-8.0,-1.0,-1.0
24,2020-12-26,POR,HOU,2021.0,128.0,126.0,-7.5,7.5,-1.0,
25,2020-12-26,SAC,PHO,2021.0,106.0,103.0,3.5,-3.5,1.0,1.0
26,2020-12-26,SAS,TOR,2021.0,119.0,114.0,2.5,-2.5,1.0,-1.0
27,2020-12-26,UTA,MIN,2021.0,111.0,116.0,-9.5,9.5,1.0,1.0
28,2020-12-26,WAS,ORL,2021.0,120.0,130.0,-2.0,2.0,1.0,1.0
29,2020-12-27,CHA,BRK,2021.0,106.0,104.0,11.5,-11.5,-2.0,2.0
30,2020-12-27,CHI,GSW,2021.0,128.0,129.0,3.5,-3.5,-2.0,-2.0
31,2020-12-27,CLE,PHI,2021.0,118.0,94.0,6.0,-6.0,2.0,0.0
32,2020-12-27,IND,BOS,2021.0,108.0,107.0,3.0,-3.0,2.0,0.0
33,2020-12-27,LAC,DAL,2021.0,73.0,124.0,-3.0,3.0,2.0,-2.0
34,2020-12-27,LAL,MIN,2021.0,127.0,91.0,-10.5,10.5,0.0,2.0
35,2020-12-27,NOP,SAS,2021.0,98.0,95.0,-5.0,5.0,0.0,2.0
36,2020-12-27,NYK,MIL,2021.0,130.0,110.0,13.0,-13.0,-2.0,0.0
37,2020-12-27,SAC,PHO,2021.0,100.0,116.0,3.5,-3.5,2.0,0.0
38,2020-12-27,WAS,ORL,2021.0,113.0,120.0,2.0,-2.0,0.0,2.0
39,2020-12-28,ATL,DET,2021.0,128.0,120.0,-10.5,10.5,2.0,-2.0
40,2020-12-28,BRK,MEM,2021.0,111.0,116.0,2.5,-2.5,1.0,-2.0
41,2020-12-28,DEN,HOU,2021.0,124.0,111.0,-6.5,6.5,-2.0,1.0
42,2020-12-28,LAL,POR,2021.0,107.0,115.0,-6.0,6.0,1.0,-2.0
43,2020-12-28,OKC,UTA,2021.0,109.0,110.0,9.0,-9.0,1.0,0.0
44,2020-12-29,CLE,NYK,2021.0,86.0,95.0,-3.5,3.5,3.0,-1.0
45,2020-12-29,DET,GSW,2021.0,106.0,116.0,4.5,-4.5,-1.0,-3.0
46,2020-12-29,IND,BOS,2021.0,111.0,116.0,-1.0,1.0,3.0,-1.0
47,2020-12-29,LAC,MIN,2021.0,124.0,101.0,-10.5,10.5,1.0,1.0
48,2020-12-29,MIA,MIL,2021.0,97.0,144.0,6.0,-6.0,0.0,-1.0
49,2020-12-29,OKC,ORL,2021.0,107.0,118.0,6.5,-6.5,2.0,3.0
50,2020-12-29,PHI,TOR,2021.0,100.0,93.0,-1.5,1.5,-1.0,-2.0
51,2020-12-29,PHO,NOP,2021.0,111.0,86.0,-1.5,1.5,1.0,-1.0
52,2020-12-29,SAC,DEN,2021.0,125.0,115.0,-1.0,1.0,1.0,-1.0
53,2020-12-29,WAS,CHI,2021.0,107.0,115.0,-6.0,6.0,-1.0,-1.0
54,2020-12-30,BOS,MEM,2021.0,126.0,107.0,-7.0,7.0,0.0,-1.0
55,2020-12-30,BRK,ATL,2021.0,145.0,141.0,-5.5,5.5,0.0,1.0
56,2020-12-30,DAL,CHA,2021.0,99.0,118.0,-8.0,8.0,-1.0,-1.0
57,2020-12-30,LAC,POR,2021.0,128.0,105.0,-5.5,5.5,2.0,-1.0
58,2020-12-30,MIA,MIL,2021.0,119.0,108.0,6.5,-6.5,-1.0,0.0
59,2020-12-30,SAS,LAL,2021.0,107.0,121.0,7.5,-7.5,3.0,0.0
60,2020-12-31,HOU,SAC,2021.0,122.0,119.0,-5.5,5.5,0.0,2.0
61,2020-12-31,IND,CLE,2021.0,119.0,99.0,-8.0,8.0,2.0,2.0
62,2020-12-31,OKC,NOP,2021.0,80.0,113.0,5.5,-5.5,1.0,-2.0
63,2020-12-31,ORL,PHI,2021.0,92.0,116.0,4.0,-4.0,4.0,0.0
64,2020-12-31,TOR,NYK,2021.0,100.0,83.0,-8.0,8.0,-3.0,0.0
65,2020-12-31,UTA,PHO,2021.0,95.0,106.0,-4.0,4.0,-1.0,2.0
66,2020-12-31,WAS,CHI,2021.0,130.0,133.0,-7.5,7.5,-2.0,0.0
67,2021-01-01,BRK,ATL,2021.0,96.0,114.0,-6.0,6.0,-1.0,2.0
68,2021-01-01,CHA,MEM,2021.0,93.0,108.0,-4.5,4.5,0.0,-2.0
69,2021-01-01,DAL,MIA,2021.0,93.0,83.0,1.5,-1.5,-2.0,0.0
70,2021-01-01,DEN,PHO,2021.0,103.0,106.0,-3.5,3.5,-2.0,3.0
71,2021-01-01,DET,BOS,2021.0,96.0,93.0,8.5,-8.5,-2.0,1.0
72,2021-01-01,GSW,POR,2021.0,98.0,123.0,3.5,-3.5,-2.0,-2.0
73,2021-01-01,MIL,CHI,2021.0,126.0,96.0,-14.5,14.5,-1.0,1.0
74,2021-01-01,MIN,WAS,2021.0,109.0,130.0,1.0,-1.0,0.0,-3.0
75,2021-01-01,SAS,LAL,2021.0,103.0,109.0,7.5,-7.5,2.0,1.0
76,2021-01-01,UTA,LAC,2021.0,106.0,100.0,3.5,-3.5,-2.0,3.0
77,2021-01-02,ATL,CLE,2021.0,91.0,96.0,-5.5,5.5,3.0,1.0
78,2021-01-02,HOU,SAC,2021.0,102.0,94.0,2.0,-2.0,-1.0,3.0
79,2021-01-02,IND,NYK,2021.0,102.0,106.0,-9.5,9.5,3.0,-1.0
80,2021-01-02,NOP,TOR,2021.0,120.0,116.0,1.0,-1.0,-1.0,-2.0
81,2021-01-02,ORL,OKC,2021.0,99.0,108.0,-4.5,4.5,3.0,0.0
82,2021-01-02,PHI,CHA,2021.0,127.0,112.0,-10.0,10.0,1.0,-1.0
83,2021-01-03,BRK,WAS,2021.0,122.0,123.0,-7.5,7.5,-3.0,-3.0
84,2021-01-03,CHI,DAL,2021.0,118.0,108.0,4.0,-4.0,1.0,-1.0
85,2021-01-03,DET,BOS,2021.0,120.0,122.0,8.0,-8.0,-1.0,-1.0
86,2021-01-03,GSW,POR,2021.0,137.0,122.0,4.5,-4.5,-3.0,-1.0
87,2021-01-03,MEM,LAL,2021.0,94.0,108.0,10.0,-10.0,-1.0,1.0
88,2021-01-03,MIN,DEN,2021.0,109.0,124.0,8.5,-8.5,-1.0,-3.0
89,2021-01-03,PHO,LAC,2021.0,107.0,112.0,3.5,-3.5,3.0,1.0
90,2021-01-03,SAS,UTA,2021.0,109.0,130.0,5.5,-5.5,3.0,-1.0
91,2021-01-04,ATL,NYK,2021.0,108.0,113.0,-7.0,7.0,1.0,1.0
92,2021-01-04,GSW,SAC,2021.0,137.0,106.0,1.5,-1.5,-1.0,1.0
93,2021-01-04,HOU,DAL,2021.0,100.0,113.0,-4.0,4.0,0.0,-1.0
94,2021-01-04,MIA,OKC,2021.0,118.0,90.0,-9.0,9.0,-1.0,1.0
95,2021-01-04,MIL,DET,2021.0,125.0,115.0,-16.0,16.0,1.0,1.0
96,2021-01-04,NOP,IND,2021.0,116.0,118.0,-1.5,1.5,-1.0,1.0
97,2021-01-04,ORL,CLE,2021.0,103.0,83.0,-6.0,6.0,1.0,1.0
98,2021-01-04,PHI,CHA,2021.0,118.0,101.0,-8.0,8.0,3.0,-1.0
99,2021-01-04,TOR,BOS,2021.0,114.0,126.0,-6.0,6.0,-3.0,-1.0
100,2021-01-05,BRK,UTA,2021.0,130.0,96.0,4.5,-4.5,-5.0,-1.0
101,2021-01-05,DEN,MIN,2021.0,123.0,116.0,-10.5,10.5,-1.0,-3.0
102,2021-01-05,LAC,SAS,2021.0,113.0,116.0,-7.5,7.5,1.0,1.0
103,2021-01-05,MEM,LAL,2021.0,92.0,94.0,9.5,-9.5,-1.0,1.0
104,2021-01-05,POR,CHI,2021.0,108.0,111.0,-9.5,9.5,-1.0,3.0
105,2021-01-06,ATL,CHA,2021.0,94.0,102.0,-6.0,6.0,-1.0,-1.0
106,2021-01-06,GSW,LAC,2021.0,101.0,108.0,5.0,-5.0,1.0,1.0
107,2021-01-06,IND,HOU,2021.0,114.0,107.0,-3.0,3.0,1.0,-1.0
108,2021-01-06,MIA,BOS,2021.0,105.0,107.0,-2.5,2.5,1.0,1.0
109,2021-01-06,MIL,DET,2021.0,130.0,115.0,-12.0,12.0,-1.0,3.0
110,2021-01-06,NOP,OKC,2021.0,110.0,111.0,-8.0,8.0,-1.0,-1.0
111,2021-01-06,NYK,UTA,2021.0,112.0,100.0,8.0,-8.0,3.0,-1.0
112,2021-01-06,ORL,CLE,2021.0,105.0,94.0,-5.0,5.0,1.0,-1.0
113,2021-01-06,PHI,WAS,2021.0,141.0,136.0,-6.5,6.5,3.0,-1.0
114,2021-01-06,PHO,TOR,2021.0,123.0,115.0,-3.0,3.0,3.0,-3.0
115,2021-01-06,SAC,CHI,2021.0,128.0,124.0,-7.0,7.0,-1.0,3.0
116,2021-01-07,BRK,PHI,2021.0,122.0,109.0,4.0,-4.0,-3.0,3.0
117,2021-01-07,DEN,DAL,2021.0,117.0,124.0,-2.5,2.5,-1.0,1.0
118,2021-01-07,LAL,SAS,2021.0,109.0,118.0,-8.5,8.5,-1.0,1.0
119,2021-01-07,MEM,CLE,2021.0,90.0,94.0,-6.0,6.0,1.0,-3.0
120,2021-01-07,POR,MIN,2021.0,135.0,117.0,-10.0,10.0,-1.0,-3.0
121,2021-01-08,BOS,WAS,2021.0,116.0,107.0,-3.5,3.5,1.0,1.0
122,2021-01-08,DET,PHO,2021.0,110.0,105.0,8.0,-8.0,1.0,3.0
123,2021-01-08,GSW,LAC,2021.0,115.0,105.0,6.5,-6.5,1.0,1.0
124,2021-01-08,HOU,ORL,2021.0,132.0,90.0,-7.0,7.0,-3.0,1.0
125,2021-01-08,LAL,CHI,2021.0,117.0,115.0,-8.5,8.5,-1.0,3.0
126,2021-01-08,MEM,BRK,2021.0,115.0,110.0,1.0,-1.0,-1.0,-1.0
127,2021-01-08,MIL,UTA,2021.0,118.0,131.0,-6.0,6.0,1.0,-1.0
128,2021-01-08,NOP,CHA,2021.0,110.0,118.0,-7.5,7.5,-1.0,-1.0
129,2021-01-08,NYK,OKC,2021.0,89.0,101.0,-3.0,3.0,3.0,-1.0
130,2021-01-08,SAC,TOR,2021.0,123.0,144.0,1.0,-1.0,-1.0,-3.0
131,2021-01-09,CHA,ATL,2021.0,113.0,105.0,5.0,-5.0,-1.0,-1.0
132,2021-01-09,DAL,ORL,2021.0,112.0,98.0,-6.5,6.5,1.0,-1.0
133,2021-01-09,IND,PHO,2021.0,117.0,125.0,-3.0,3.0,1.0,1.0
134,2021-01-09,MIL,CLE,2021.0,100.0,90.0,-8.5,8.5,-1.0,-1.0
135,2021-01-09,MIN,SAS,2021.0,122.0,125.0,3.5,-3.5,-3.0,1.0
136,2021-01-09,PHI,DEN,2021.0,103.0,115.0,13.5,-13.5,1.0,-3.0
137,2021-01-09,SAC,POR,2021.0,99.0,125.0,5.5,-5.5,-3.0,-1.0
138,2021-01-09,WAS,MIA,2021.0,124.0,128.0,10.5,-10.5,1.0,-1.0
139,2021-01-10,BRK,OKC,2021.0,116.0,129.0,-7.5,7.5,-1.0,1.0
140,2021-01-10,DET,UTA,2021.0,86.0,96.0,8.5,-8.5,3.0,1.0
141,2021-01-10,GSW,TOR,2021.0,106.0,105.0,3.0,-3.0,1.0,-1.0
142,2021-01-10,HOU,LAL,2021.0,102.0,120.0,4.0,-4.0,-1.0,-3.0
143,2021-01-10,LAC,CHI,2021.0,130.0,127.0,-12.0,12.0,-1.0,3.0
144,2021-01-10,MIN,SAS,2021.0,96.0,88.0,4.5,-4.5,-1.0,1.0
145,2021-01-10,NYK,DEN,2021.0,89.0,114.0,5.5,-5.5,1.0,-3.0
146,2021-01-11,ATL,PHI,2021.0,112.0,94.0,-6.0,6.0,-3.0,1.0
147,2021-01-11,CHA,NYK,2021.0,109.0,88.0,-5.0,5.0,1.0,1.0
148,2021-01-11,CLE,MEM,2021.0,91.0,101.0,2.0,-2.0,-1.0,1.0
149,2021-01-11,ORL,MIL,2021.0,99.0,121.0,10.0,-10.0,-1.0,1.0
150,2021-01-11,POR,TOR,2021.0,112.0,111.0,-4.5,4.5,1.0,-3.0
151,2021-01-11,SAC,IND,2021.0,127.0,122.0,4.0,-4.0,-5.0,1.0
152,2021-01-11,WAS,PHO,2021.0,128.0,107.0,6.0,-6.0,3.0,1.0
153,2021-01-12,BRK,DEN,2021.0,122.0,116.0,-1.5,1.5,-1.0,-1.0
154,2021-01-12,CLE,UTA,2021.0,87.0,117.0,12.5,-12.5,-3.0,1.0
155,2021-01-12,GSW,IND,2021.0,95.0,104.0,-3.5,3.5,3.0,-1.0
156,2021-01-12,HOU,LAL,2021.0,100.0,117.0,5.0,-5.0,-1.0,-1.0
157,2021-01-12,OKC,SAS,2021.0,102.0,112.0,2.5,-2.5,3.0,-1.0
158,2021-01-12,PHI,MIA,2021.0,137.0,134.0,-8.5,8.5,-1.0,-1.0
159,2021-01-13,CHA,DAL,2021.0,93.0,104.0,3.0,-3.0,3.0,3.0
160,2021-01-13,DET,MIL,2021.0,101.0,110.0,10.5,-10.5,1.0,1.0
161,2021-01-13,LAC,NOP,2021.0,111.0,106.0,-11.5,11.5,-1.0,-1.0
162,2021-01-13,MIN,MEM,2021.0,107.0,118.0,-2.0,2.0,1.0,1.0
163,2021-01-13,NYK,BRK,2021.0,109.0,116.0,3.0,-3.0,-1.0,1.0
164,2021-01-13,OKC,LAL,2021.0,99.0,128.0,10.5,-10.5,1.0,-1.0
165,2021-01-13,SAC,POR,2021.0,126.0,132.0,4.5,-4.5,-3.0,-1.0
166,2021-01-14,DEN,GSW,2021.0,114.0,104.0,-4.5,4.5,-3.0,1.0
167,2021-01-14,PHI,MIA,2021.0,125.0,108.0,-7.5,7.5,-3.0,-1.0
168,2021-01-14,POR,IND,2021.0,87.0,111.0,-3.0,3.0,1.0,1.0
169,2021-01-14,SAS,HOU,2021.0,105.0,109.0,-7.5,7.5,1.0,-3.0
170,2021-01-14,TOR,CHA,2021.0,111.0,108.0,-10.0,10.0,-1.0,3.0
171,2021-01-15,BOS,ORL,2021.0,124.0,97.0,-4.0,4.0,1.0,-1.0
172,2021-01-15,CLE,NYK,2021.0,106.0,103.0,2.0,-2.0,-3.0,-3.0
173,2021-01-15,LAL,NOP,2021.0,112.0,95.0,-9.0,9.0,1.0,-1.0
174,2021-01-15,MIL,DAL,2021.0,112.0,109.0,-8.0,8.0,1.0,3.0
175,2021-01-15,OKC,CHI,2021.0,127.0,125.0,2.0,-2.0,1.0,5.0
176,2021-01-15,SAC,LAC,2021.0,100.0,138.0,7.0,-7.0,-3.0,-3.0
177,2021-01-15,UTA,ATL,2021.0,116.0,92.0,-6.5,6.5,1.0,-3.0
178,2021-01-16,BRK,ORL,2021.0,122.0,115.0,-9.0,9.0,1.0,-3.0
179,2021-01-16,MEM,PHI,2021.0,106.0,104.0,-2.0,2.0,3.0,-1.0
180,2021-01-16,MIA,DET,2021.0,100.0,120.0,-5.5,5.5,-1.0,1.0
181,2021-01-16,POR,ATL,2021.0,112.0,106.0,-5.0,5.0,1.0,-3.0
182,2021-01-16,SAS,HOU,2021.0,103.0,91.0,-7.0,7.0,-1.0,-1.0
183,2021-01-16,TOR,CHA,2021.0,116.0,113.0,-6.5,6.5,-1.0,3.0
184,2021-01-17,BOS,NYK,2021.0,75.0,105.0,-7.0,7.0,3.0,-5.0
185,2021-01-17,DAL,CHI,2021.0,101.0,117.0,-6.5,6.5,5.0,3.0
186,2021-01-17,DEN,UTA,2021.0,105.0,109.0,1.5,-1.5,-1.0,3.0
187,2021-01-17,LAC,IND,2021.0,129.0,96.0,-8.0,8.0,-1.0,1.0
188,2021-01-17,SAC,NOP,2021.0,123.0,128.0,2.5,-2.5,-3.0,-3.0
189,2021-01-18,ATL,MIN,2021.0,108.0,97.0,-7.5,7.5,-3.0,1.0
190,2021-01-18,BRK,MIL,2021.0,125.0,123.0,4.0,-4.0,-1.0,-1.0
191,2021-01-18,CHI,HOU,2021.0,125.0,120.0,2.0,-2.0,3.0,-1.0
192,2021-01-18,LAL,GSW,2021.0,113.0,115.0,-9.0,9.0,3.0,-1.0
193,2021-01-18,MEM,PHO,2021.0,108.0,104.0,5.5,-5.5,2.0,-1.0
194,2021-01-18,MIA,DET,2021.0,113.0,107.0,-6.0,6.0,-3.0,1.0
195,2021-01-18,NYK,ORL,2021.0,91.0,84.0,2.0,-2.0,-3.0,-3.0
196,2021-01-18,POR,SAS,2021.0,104.0,125.0,1.5,-1.5,1.0,-1.0
197,2021-01-18,TOR,DAL,2021.0,116.0,93.0,-3.5,3.5,-1.0,3.0
198,2021-01-19,DEN,OKC,2021.0,119.0,101.0,-10.0,10.0,-1.0,1.0
199,2021-01-19,UTA,NOP,2021.0,118.0,102.0,-6.5,6.5,5.0,-1.0
200,2021-01-20,ATL,DET,2021.0,123.0,115.0,-4.5,4.5,-1.0,2.0
201,2021-01-20,CLE,BRK,2021.0,147.0,135.0,10.5,-10.5,-1.0,1.0
202,2021-01-20,GSW,SAS,2021.0,121.0,99.0,-1.0,1.0,1.0,1.0
203,2021-01-20,HOU,PHO,2021.0,103.0,109.0,5.5,-5.5,-3.0,-1.0
204,2021-01-20,IND,DAL,2021.0,112.0,124.0,2.5,-2.5,-1.0,1.0
205,2021-01-20,LAC,SAC,2021.0,115.0,96.0,-11.0,11.0,-1.0,-3.0
206,2021-01-20,MIN,ORL,2021.0,96.0,97.0,4.0,-4.0,-1.0,-3.0
207,2021-01-20,PHI,BOS,2021.0,117.0,109.0,-5.0,5.0,0.0,3.0
208,2021-01-20,TOR,MIA,2021.0,102.0,111.0,-4.0,4.0,-1.0,-2.0
